,game_id,team,total_yards,total_tds,avg_epa,num_plays,total_home_score,total_away_score,rush_attempts,pass_attempts,total_pass_yards,total_rush_yards,total_receiving_yards,total_penalty_yards,fumbles_forced,fumbles_lost,third_down_converted,fourth_down_converted,field_goal_attempts,interceptions,safeties,punt_blocked,incomplete_passes,wp,home_wp,away_wp
0,2024_01_ARI_BUF,ARI,273.0,2.0,0.063334994,60,34.0,28.0,25.0,35.0,162.0,125.0,162.0,10.0,1.0,1.0,7.0,0.0,0,0.0,0.0,0.0,10.0,0.49670646,0.5032936,0.49670646
1,2024_01_ARI_BUF,BUF,353.0,4.0,0.22208434,57,31.0,28.0,32.0,25.0,232.0,131.0,232.0,25.0,1.0,1.0,3.0,2.0,0,0.0,0.0,0.0,5.0,0.53742075,0.53742075,0.46257922
2,2024_01_BAL_KC,BAL,452.0,2.0,0.0806493,74,27.0,20.0,32.0,42.0,273.0,185.0,273.0,0.0,1.0,1.0,7.0,1.0,0,0.0,0.0,0.0,15.0,0.25703576,0.7429642,0.25703576
3,2024_01_BAL_KC,KC,354.0,3.0,0.20840624,49,27.0,20.0,19.0,30.0,291.0,73.0,291.0,15.0,0.0,0.0,4.0,0.0,0,1.0,0.0,0.0,7.0,0.7477417,0.7477417,0.25225833
4,2024_01_CAR_NO,CAR,193.0,1.0,-0.48541656,55,47.0,10.0,20.0,35.0,161.0,58.0,161.0,15.0,1.0,1.0,1.0,1.0,0,2.0,0.0,0.0,16.0,0.044126984,0.955873,0.044126984
5,2024_01_CAR_NO,NO,379.0,5.0,0.20582,62,47.0,10.0,37.0,25.0,200.0,180.0,200.0,30.0,0.0,0.0,7.0,0.0,0,0.0,0.0,0.0,5.0,0.91031843,0.91031843,0.08968158
6,2024_01_DAL_CLE,CLE,230.0,2.0,-0.27186438,70,16.0,33.0,19.0,51.0,169.0,93.0,169.0,15.0,1.0,0.0,2.0,3.0,0,2.0,0.0,0.0,19.0,0.13579498,0.13579498,0.864205
7,2024_01_DAL_CLE,DAL,266.0,2.0,-0.110944994,59,10.0,33.0,24.0,35.0,179.0,103.0,179.0,10.0,1.0,0.0,4.0,0.0,0,0.0,0.0,0.0,13.0,0.7313841,0.2686159,0.7313841
8,2024_01_DEN_SEA,DEN,231.0,1.0,-0.3110773,69,26.0,19.0,25.0,44.0,138.0,99.0,138.0,0.0,2.0,1.0,5.0,1.0,0,2.0,0.0,0.0,14.0,0.42103004,0.57896996,0.42103004
9,2024_01_DEN_SEA,SEA,308.0,3.0,-0.07988829,58,26.0,20.0,30.0,28.0,171.0,150.0,171.0,20.0,0.0,0.0,4.0,0.0,0,1.0,1.0,0.0,6.0,0.65040445,0.65040445,0.34959558
10,2024_01_GB_PHI,GB,414.0,3.0,0.18244727,59,34.0,29.0,22.0,37.0,260.0,163.0,260.0,12.0,1.0,0.0,3.0,1.0,0,1.0,0.0,0.0,17.0,0.42847377,0.5715262,0.42847377
11,2024_01_GB_PHI,PHI,410.0,4.0,0.056383446,73,31.0,29.0,38.0,35.0,278.0,144.0,278.0,5.0,0.0,1.0,4.0,1.0,0,2.0,0.0,0.0,11.0,0.5924897,0.5924897,0.40751028
12,2024_01_HOU_IND,HOU,419.0,3.0,0.14074478,75,27.0,29.0,39.0,36.0,234.0,215.0,234.0,15.0,0.0,0.0,7.0,2.0,0,0.0,0.0,0.0,8.0,0.6752509,0.3247491,0.6752509
13,2024_01_HOU_IND,IND,303.0,4.0,0.051887605,44,26.0,29.0,23.0,21.0,212.0,104.0,212.0,0.0,0.0,0.0,5.0,1.0,0,1.0,0.0,0.0,9.0,0.35886705,0.35886705,0.64113295
14,2024_01_JAX_MIA,JAX,267.0,2.0,-0.14796366,50,17.0,17.0,26.0,24.0,162.0,128.0,162.0,14.0,1.0,1.0,2.0,0.0,0,0.0,0.0,0.0,9.0,0.70852447,0.29147547,0.70852447
15,2024_01_JAX_MIA,MIA,400.0,2.0,0.024073325,65,17.0,17.0,25.0,40.0,338.0,81.0,338.0,0.0,0.0,0.0,8.0,0.0,0,0.0,0.0,0.0,14.0,0.40156725,0.40156725,0.5984327
16,2024_01_LA_DET,DET,363.0,3.0,0.1057764,61,26.0,20.0,31.0,30.0,217.0,163.0,217.0,20.0,0.0,0.0,6.0,1.0,0,1.0,0.0,0.0,9.0,0.6691766,0.6691766,0.33082342
17,2024_01_LA_DET,LA,387.0,2.0,0.043882255,74,20.0,20.0,23.0,51.0,317.0,83.0,317.0,15.0,0.0,0.0,5.0,1.0,0,1.0,0.0,0.0,14.0,0.37810507,0.62189496,0.37810507
18,2024_01_LV_LAC,LAC,318.0,2.0,-0.08854648,52,22.0,10.0,25.0,27.0,144.0,178.0,144.0,0.0,0.0,0.0,4.0,0.0,0,0.0,0.0,0.0,9.0,0.6332967,0.6332967,0.36670324
19,2024_01_LV_LAC,LV,296.0,1.0,-0.33483836,59,22.0,10.0,22.0,37.0,257.0,71.0,257.0,25.0,1.0,2.0,5.0,0.0,0,1.0,0.0,0.0,7.0,0.42727575,0.5727242,0.42727575
20,2024_01_MIN_NYG,MIN,313.0,3.0,0.15555473,50,6.0,28.0,25.0,25.0,208.0,112.0,208.0,15.0,1.0,1.0,3.0,1.0,0,1.0,0.0,0.0,4.0,0.8096837,0.19031632,0.8096837
21,2024_01_MIN_NYG,NYG,240.0,1.0,-0.35724223,68,6.0,28.0,21.0,47.0,186.0,74.0,186.0,10.0,0.0,0.0,7.0,1.0,0,2.0,0.0,0.0,18.0,0.18601972,0.18601972,0.8139803
22,2024_01_NE_CIN,CIN,224.0,1.0,-0.17894964,48,10.0,16.0,16.0,32.0,164.0,70.0,164.0,0.0,2.0,1.0,4.0,0.0,0,0.0,0.0,0.0,8.0,0.2630773,0.2630773,0.7369227
23,2024_01_NE_CIN,NE,292.0,1.0,-0.006899283,61,10.0,16.0,36.0,25.0,121.0,172.0,121.0,0.0,1.0,0.0,6.0,0.0,0,0.0,0.0,0.0,9.0,0.7510442,0.24895576,0.7510442
24,2024_01_NYJ_SF,NYJ,267.0,3.0,-0.04936343,50,32.0,19.0,19.0,31.0,203.0,69.0,203.0,15.0,1.0,1.0,6.0,0.0,0,1.0,0.0,0.0,9.0,0.19016486,0.80983514,0.19016486
25,2024_01_NYJ_SF,SF,402.0,2.0,0.10059915,69,29.0,13.0,37.0,32.0,231.0,181.0,231.0,20.0,0.0,0.0,6.0,0.0,0,0.0,0.0,0.0,10.0,0.7957845,0.7957845,0.20421553
26,2024_01_PIT_ATL,ATL,226.0,1.0,-0.35138503,49,10.0,18.0,22.0,27.0,155.0,89.0,155.0,0.0,0.0,1.0,2.0,1.0,0,2.0,0.0,0.0,7.0,0.46725056,0.46725056,0.5327495
27,2024_01_PIT_ATL,PIT,270.0,0.0,-0.09979451,66,10.0,15.0,41.0,25.0,156.0,137.0,156.0,5.0,0.0,0.0,8.0,0.0,0,0.0,0.0,0.0,6.0,0.63489664,0.36510336,0.63489664
28,2024_01_TEN_CHI,CHI,152.0,0.0,-0.24889682,52,24.0,17.0,20.0,32.0,93.0,86.0,93.0,0.0,1.0,0.0,2.0,2.0,0,0.0,0.0,0.0,15.0,0.41508535,0.41508535,0.5849146
29,2024_01_TEN_CHI,TEN,244.0,3.0,-0.26414466,61,24.0,17.0,26.0,35.0,127.0,140.0,127.0,0.0,1.0,1.0,3.0,1.0,0,2.0,0.0,0.0,11.0,0.6129261,0.38707387,0.6129261
30,2024_01_WAS_TB,TB,394.0,4.0,0.26636195,59,36.0,14.0,28.0,31.0,289.0,114.0,289.0,10.0,0.0,0.0,9.0,0.0,0,0.0,0.0,0.0,6.0,0.813426,0.813426,0.18657401
31,2024_01_WAS_TB,WAS,301.0,3.0,0.12063033,56,37.0,20.0,29.0,27.0,184.0,140.0,184.0,21.0,2.0,0.0,2.0,1.0,0,0.0,0.0,0.0,7.0,0.15208218,0.84791785,0.15208218
32,2024_02_ATL_PHI,ATL,387.0,2.0,0.15170576,57,21.0,21.0,26.0,31.0,241.0,154.0,241.0,30.0,0.0,0.0,2.0,1.0,0,0.0,0.0,0.0,9.0,0.4590556,0.5409444,0.4590556
33,2024_02_ATL_PHI,PHI,368.0,2.0,0.11931952,68,21.0,22.0,37.0,31.0,183.0,187.0,183.0,25.0,0.0,0.0,6.0,2.0,0,1.0,0.0,0.0,6.0,0.5638299,0.5638299,0.43617016
34,2024_02_BUF_MIA,BUF,250.0,3.0,0.2307162,42,10.0,31.0,23.0,19.0,139.0,111.0,139.0,15.0,0.0,0.0,3.0,1.0,0,0.0,0.0,0.0,6.0,0.76624316,0.23375688,0.76624316
35,2024_02_BUF_MIA,MIA,351.0,2.0,-0.2667296,75,10.0,31.0,34.0,41.0,225.0,139.0,225.0,0.0,0.0,0.0,7.0,1.0,0,3.0,0.0,0.0,11.0,0.18772265,0.18772265,0.8122774
36,2024_02_CHI_HOU,CHI,205.0,1.0,-0.31363907,66,19.0,13.0,22.0,44.0,174.0,71.0,174.0,25.0,0.0,0.0,6.0,1.0,0,2.0,0.0,0.0,12.0,0.22877857,0.77122146,0.22877857
37,2024_02_CHI_HOU,HOU,311.0,1.0,-0.14967987,60,19.0,13.0,21.0,39.0,260.0,76.0,260.0,15.0,1.0,1.0,4.0,1.0,0,0.0,0.0,0.0,13.0,0.75034297,0.75034297,0.24965706
38,2024_02_CIN_KC,CIN,320.0,3.0,0.045869682,61,23.0,25.0,22.0,39.0,258.0,74.0,258.0,15.0,2.0,1.0,4.0,2.0,0,0.0,0.0,0.0,13.0,0.56688005,0.43311995,0.56688005
39,2024_02_CIN_KC,KC,286.0,2.0,-0.08461723,60,23.0,25.0,32.0,28.0,151.0,149.0,151.0,5.0,1.0,1.0,1.0,2.0,0,2.0,0.0,0.0,5.0,0.472432,0.472432,0.52756804
40,2024_02_CLE_JAX,CLE,297.0,1.0,0.022338845,65,13.0,18.0,29.0,36.0,186.0,125.0,186.0,41.0,1.0,0.0,2.0,3.0,0,0.0,0.0,0.0,12.0,0.7520174,0.24798258,0.7520174
41,2024_02_CLE_JAX,JAX,323.0,1.0,-0.033992864,54,13.0,18.0,21.0,33.0,220.0,127.0,220.0,0.0,1.0,0.0,3.0,0.0,0,0.0,1.0,0.0,15.0,0.26276943,0.26276943,0.7372306
42,2024_02_IND_GB,GB,383.0,1.0,-0.0020821015,67,16.0,10.0,53.0,14.0,122.0,261.0,122.0,10.0,1.0,1.0,10.0,0.0,0,0.0,0.0,0.0,2.0,0.8255019,0.8255019,0.17449808
43,2024_02_IND_GB,IND,338.0,1.0,-0.095693946,52,16.0,10.0,18.0,34.0,204.0,140.0,204.0,0.0,1.0,0.0,2.0,1.0,0,3.0,0.0,0.0,13.0,0.14032361,0.85967636,0.14032361
44,2024_02_LAC_CAR,CAR,159.0,0.0,-0.49061754,46,3.0,26.0,18.0,28.0,84.0,90.0,84.0,0.0,0.0,0.0,1.0,1.0,0,1.0,0.0,0.0,7.0,0.13849726,0.13849726,0.86150277
45,2024_02_LAC_CAR,LAC,353.0,3.0,0.1113508,62,3.0,26.0,41.0,21.0,130.0,223.0,130.0,15.0,1.0,1.0,9.0,0.0,0,1.0,0.0,0.0,5.0,0.8219563,0.17804377,0.8219563
46,2024_02_LA_ARI,ARI,489.0,5.0,0.34682974,62,41.0,10.0,40.0,22.0,266.0,231.0,266.0,0.0,1.0,1.0,7.0,0.0,0,0.0,0.0,0.0,4.0,0.936734,0.936734,0.06326595
47,2024_02_LA_ARI,LA,245.0,1.0,-0.2630421,52,41.0,10.0,20.0,32.0,216.0,53.0,216.0,29.0,1.0,1.0,2.0,1.0,0,0.0,0.0,0.0,8.0,0.08309218,0.91690785,0.08309218
48,2024_02_LV_BAL,BAL,358.0,2.0,-0.010843661,61,23.0,26.0,27.0,34.0,247.0,146.0,247.0,16.0,0.0,0.0,3.0,1.0,0,1.0,0.0,0.0,10.0,0.6711028,0.6711028,0.3288972
49,2024_02_LV_BAL,LV,261.0,2.0,-0.1652329,59,23.0,23.0,16.0,43.0,276.0,28.0,276.0,0.0,1.0,0.0,4.0,0.0,0,1.0,0.0,0.0,7.0,0.3298841,0.6701159,0.3298841
50,2024_02_NO_DAL,DAL,353.0,1.0,-0.17185715,65,19.0,44.0,21.0,44.0,299.0,68.0,299.0,0.0,1.0,0.0,6.0,1.0,0,2.0,0.0,0.0,11.0,0.17032531,0.17032531,0.8296747
51,2024_02_NO_DAL,NO,435.0,6.0,0.46125245,53,19.0,44.0,36.0,17.0,243.0,193.0,243.0,0.0,0.0,0.0,5.0,0.0,0,1.0,0.0,0.0,4.0,0.84575975,0.1542402,0.84575975
52,2024_02_NYG_WAS,NYG,304.0,3.0,0.0988459,53,18.0,18.0,22.0,31.0,178.0,129.0,178.0,0.0,1.0,1.0,4.0,1.0,0,0.0,0.0,0.0,12.0,0.5019785,0.49802145,0.5019785
53,2024_02_NYG_WAS,WAS,427.0,0.0,0.15648809,67,18.0,18.0,33.0,34.0,226.0,217.0,226.0,0.0,0.0,0.0,7.0,1.0,0,0.0,0.0,0.0,6.0,0.5711878,0.5711878,0.4288122
54,2024_02_NYJ_TEN,NYJ,266.0,3.0,0.035649054,55,17.0,23.0,23.0,32.0,176.0,102.0,176.0,10.0,0.0,0.0,5.0,0.0,0,0.0,0.0,0.0,12.0,0.45777765,0.5422224,0.45777765
55,2024_02_NYJ_TEN,TEN,300.0,2.0,-0.08954142,60,17.0,24.0,28.0,32.0,192.0,130.0,192.0,30.0,1.0,1.0,5.0,0.0,0,1.0,0.0,0.0,8.0,0.49905145,0.49905145,0.50094855
56,2024_02_PIT_DEN,DEN,295.0,0.0,-0.2431171,56,6.0,13.0,19.0,37.0,246.0,64.0,244.0,0.0,0.0,0.0,2.0,1.0,0,2.0,0.0,0.0,13.0,0.21635188,0.21635188,0.78364813
57,2024_02_PIT_DEN,PIT,251.0,1.0,-0.12062743,58,6.0,13.0,36.0,22.0,117.0,141.0,117.0,10.0,0.0,0.0,4.0,0.0,0,0.0,0.0,0.0,7.0,0.7624565,0.2375435,0.7624565
58,2024_02_SEA_NE,NE,310.0,2.0,0.05643542,66,20.0,20.0,36.0,30.0,149.0,185.0,149.0,5.0,1.0,0.0,6.0,0.0,0,0.0,0.0,0.0,12.0,0.55977803,0.55977803,0.440222
59,2024_02_SEA_NE,SEA,359.0,2.0,0.022229768,64,20.0,20.0,18.0,46.0,327.0,47.0,327.0,15.0,0.0,0.0,7.0,1.0,0,0.0,0.0,0.0,10.0,0.5218369,0.4781631,0.5218369
60,2024_02_SF_MIN,MIN,405.0,2.0,-0.04221357,51,20.0,14.0,22.0,29.0,268.0,148.0,268.0,17.0,2.0,1.0,7.0,0.0,0,1.0,0.0,0.0,7.0,0.79592663,0.79592663,0.20407337
61,2024_02_SF_MIN,SF,396.0,2.0,-0.07448403,67,23.0,14.0,25.0,42.0,319.0,102.0,319.0,15.0,1.0,1.0,2.0,1.0,0,1.0,0.0,0.0,7.0,0.22334634,0.7766537,0.22334634
62,2024_02_TB_DET,DET,463.0,1.0,-0.06947292,82,16.0,20.0,27.0,55.0,324.0,139.0,324.0,15.0,0.0,0.0,7.0,3.0,0,2.0,0.0,0.0,18.0,0.42891338,0.42891338,0.5710866
63,2024_02_TB_DET,TB,217.0,2.0,-0.09997592,46,16.0,20.0,22.0,24.0,185.0,71.0,185.0,15.0,2.0,0.0,2.0,0.0,0,1.0,0.0,0.0,6.0,0.60598636,0.39401364,0.60598636
64,2024_03_BAL_DAL,BAL,458.0,4.0,0.37345555,58,25.0,28.0,43.0,15.0,182.0,276.0,182.0,0.0,0.0,0.0,4.0,0.0,0,0.0,0.0,0.0,3.0,0.8439683,0.15603167,0.8439683
65,2024_03_BAL_DAL,DAL,412.0,3.0,0.006180512,72,24.0,28.0,16.0,56.0,379.0,51.0,379.0,15.0,1.0,1.0,7.0,0.0,0,0.0,0.0,0.0,23.0,0.15150085,0.15150085,0.8484991
66,2024_03_CAR_LV,CAR,439.0,4.0,0.20186155,69,15.0,33.0,29.0,40.0,319.0,133.0,319.0,0.0,0.0,0.0,5.0,0.0,0,0.0,0.0,0.0,11.0,0.76657116,0.23342882,0.76657116
67,2024_03_CAR_LV,LV,333.0,3.0,-0.08306094,60,21.0,36.0,16.0,44.0,296.0,55.0,296.0,0.0,0.0,0.0,3.0,1.0,0,1.0,0.0,0.0,12.0,0.17901161,0.17901161,0.8209884
68,2024_03_CHI_IND,CHI,395.0,2.0,-0.20157462,84,21.0,15.0,28.0,56.0,363.0,63.0,363.0,0.0,1.0,1.0,9.0,4.0,0,2.0,0.0,0.0,16.0,0.27511048,0.7248895,0.27511048
69,2024_03_CHI_IND,IND,310.0,3.0,-0.21308674,51,21.0,16.0,30.0,21.0,167.0,154.0,167.0,5.0,0.0,0.0,3.0,0.0,0,2.0,0.0,0.0,8.0,0.73463154,0.73463154,0.26536843
70,2024_03_DEN_TB,DEN,354.0,2.0,0.08453726,63,7.0,26.0,27.0,36.0,216.0,138.0,216.0,10.0,1.0,1.0,4.0,2.0,0,0.0,0.0,0.0,11.0,0.84859616,0.1514038,0.84859616
71,2024_03_DEN_TB,TB,223.0,1.0,-0.3762474,56,7.0,26.0,16.0,40.0,163.0,91.0,163.0,0.0,1.0,1.0,3.0,0.0,0,1.0,0.0,0.0,7.0,0.13952391,0.13952391,0.8604761
72,2024_03_DET_ARI,ARI,277.0,1.0,-0.23840535,53,10.0,20.0,18.0,35.0,207.0,77.0,207.0,15.0,0.0,0.0,1.0,0.0,0,1.0,0.0,0.0,12.0,0.23678912,0.23678912,0.7632109
73,2024_03_DET_ARI,DET,375.0,3.0,0.04477957,66,13.0,20.0,41.0,25.0,199.0,189.0,179.0,0.0,0.0,0.0,6.0,0.0,0,1.0,0.0,0.0,4.0,0.7329359,0.26706406,0.7329359
74,2024_03_GB_TEN,GB,378.0,2.0,0.11607765,59,14.0,30.0,37.0,22.0,202.0,188.0,202.0,10.0,0.0,0.0,5.0,0.0,0,0.0,0.0,0.0,6.0,0.7926149,0.20738511,0.7926149
75,2024_03_GB_TEN,TEN,237.0,3.0,-0.3672178,53,14.0,30.0,11.0,42.0,260.0,33.0,260.0,0.0,1.0,1.0,3.0,0.0,0,2.0,0.0,0.0,6.0,0.17127131,0.17127131,0.8287287
76,2024_03_HOU_MIN,HOU,296.0,1.0,-0.21875821,62,34.0,7.0,14.0,48.0,307.0,38.0,307.0,0.0,0.0,0.0,4.0,2.0,0,2.0,0.0,0.0,13.0,0.0979085,0.9020915,0.0979085
77,2024_03_HOU_MIN,MIN,274.0,4.0,0.108817175,59,31.0,7.0,27.0,32.0,181.0,118.0,181.0,15.0,1.0,0.0,6.0,1.0,0,0.0,0.0,0.0,11.0,0.9176186,0.9176186,0.08238143
78,2024_03_JAX_BUF,BUF,389.0,6.0,0.4465296,59,46.0,10.0,28.0,31.0,266.0,123.0,266.0,15.0,0.0,0.0,6.0,2.0,0,0.0,0.0,0.0,7.0,0.8615874,0.8615874,0.13841262
79,2024_03_JAX_BUF,JAX,239.0,1.0,-0.2434139,68,47.0,10.0,17.0,51.0,200.0,92.0,200.0,7.0,1.0,1.0,2.0,4.0,0,1.0,0.0,0.0,19.0,0.056809384,0.94319063,0.056809384
80,2024_03_KC_ATL,ATL,312.0,2.0,-0.09951051,55,17.0,22.0,24.0,31.0,230.0,83.0,230.0,10.0,1.0,0.0,2.0,1.0,0,1.0,0.0,0.0,8.0,0.46340814,0.46340814,0.5365919
81,2024_03_KC_ATL,KC,358.0,2.0,0.099487275,69,17.0,22.0,30.0,39.0,217.0,141.0,217.0,8.0,0.0,0.0,6.0,1.0,0,1.0,0.0,0.0,12.0,0.46243516,0.5375648,0.46243516
82,2024_03_LAC_PIT,LAC,166.0,1.0,-0.16468275,45,20.0,10.0,20.0,25.0,149.0,61.0,149.0,0.0,1.0,0.0,3.0,0.0,0,0.0,0.0,0.0,6.0,0.4464364,0.5535636,0.4464364
83,2024_03_LAC_PIT,PIT,348.0,2.0,0.13160703,63,20.0,10.0,29.0,34.0,245.0,116.0,245.0,45.0,0.0,0.0,7.0,0.0,0,1.0,0.0,0.0,6.0,0.5892061,0.5892061,0.41079393
84,2024_03_MIA_SEA,MIA,205.0,0.0,-0.43057972,56,24.0,3.0,18.0,38.0,186.0,65.0,186.0,25.0,2.0,0.0,1.0,0.0,0,0.0,0.0,0.0,12.0,0.14382233,0.8561777,0.14382233
85,2024_03_MIA_SEA,SEA,372.0,3.0,-0.0046409,58,24.0,3.0,21.0,37.0,289.0,102.0,289.0,26.0,0.0,0.0,3.0,0.0,0,2.0,0.0,0.0,6.0,0.8686245,0.8686245,0.1313755
86,2024_03_NE_NYJ,NE,139.0,0.0,-0.39966586,48,24.0,3.0,15.0,33.0,120.0,78.0,120.0,15.0,1.0,1.0,2.0,3.0,0,0.0,0.0,0.0,10.0,0.114358574,0.8856414,0.114358574
87,2024_03_NE_NYJ,NYJ,400.0,3.0,0.2564556,70,24.0,3.0,33.0,37.0,281.0,133.0,281.0,45.0,1.0,0.0,10.0,0.0,0,0.0,0.0,0.0,8.0,0.83371395,0.83371395,0.16628602
88,2024_03_NYG_CLE,CLE,220.0,2.0,-0.37738156,63,15.0,21.0,17.0,46.0,196.0,70.0,196.0,13.0,1.0,2.0,4.0,1.0,0,0.0,0.0,0.0,16.0,0.28949162,0.28949162,0.7105084
89,2024_03_NYG_CLE,NYG,344.0,3.0,0.044357363,66,15.0,21.0,29.0,37.0,236.0,116.0,236.0,20.0,1.0,1.0,4.0,1.0,0,0.0,0.0,0.0,11.0,0.63372993,0.36627007,0.63372993
90,2024_03_PHI_NO,NO,220.0,1.0,-0.20246732,55,12.0,15.0,28.0,27.0,142.0,90.0,142.0,15.0,0.0,0.0,6.0,0.0,0,1.0,0.0,0.0,10.0,0.6169279,0.6169279,0.3830721
91,2024_03_PHI_NO,PHI,466.0,2.0,0.032408603,65,12.0,15.0,23.0,42.0,311.0,176.0,311.0,10.0,2.0,1.0,6.0,1.0,0,1.0,0.0,0.0,8.0,0.42701998,0.57298005,0.42701998
92,2024_03_SF_LA,LA,296.0,3.0,0.11957016,55,24.0,24.0,26.0,29.0,221.0,98.0,221.0,21.0,0.0,0.0,5.0,2.0,0,0.0,0.0,0.0,10.0,0.23410267,0.23410267,0.7658974
93,2024_03_SF_LA,SF,425.0,3.0,0.20031309,65,27.0,24.0,34.0,31.0,292.0,137.0,270.0,25.0,2.0,1.0,6.0,1.0,0,0.0,0.0,0.0,8.0,0.73379403,0.2662059,0.73379403
94,2024_03_WAS_CIN,CIN,436.0,4.0,0.368845,61,32.0,38.0,20.0,41.0,324.0,124.0,324.0,0.0,0.0,0.0,6.0,1.0,0,0.0,0.0,0.0,9.0,0.28425747,0.28425747,0.7157425
95,2024_03_WAS_CIN,WAS,358.0,5.0,0.51534027,55,26.0,37.0,30.0,25.0,254.0,110.0,254.0,5.0,1.0,0.0,5.0,3.0,0,0.0,0.0,0.0,2.0,0.7071313,0.29286864,0.7071313
96,2024_04_BUF_BAL,BAL,427.0,5.0,0.29366925,54,35.0,10.0,34.0,20.0,157.0,271.0,157.0,29.0,2.0,1.0,5.0,0.0,0,0.0,0.0,0.0,5.0,0.90891564,0.90891564,0.09108438
97,2024_04_BUF_BAL,BUF,236.0,1.0,-0.13561952,57,35.0,10.0,23.0,34.0,182.0,81.0,182.0,15.0,1.0,1.0,3.0,1.0,0,0.0,0.0,0.0,14.0,0.14862049,0.8513795,0.14862049
98,2024_04_CIN_CAR,CAR,376.0,3.0,0.003686762,69,24.0,34.0,28.0,41.0,220.0,156.0,220.0,5.0,0.0,0.0,7.0,1.0,0,1.0,0.0,0.0,15.0,0.3124989,0.3124989,0.68750113
99,2024_04_CIN_CAR,CIN,373.0,4.0,0.16715398,62,24.0,31.0,31.0,31.0,232.0,141.0,232.0,10.0,0.0,0.0,7.0,0.0,0,1.0,0.0,0.0,8.0,0.7501089,0.2498911,0.7501089
100,2024_04_CLE_LV,CLE,241.0,1.0,-0.11794547,57,20.0,16.0,22.0,35.0,176.0,92.0,176.0,15.0,0.0,0.0,3.0,0.0,0,1.0,0.0,0.0,7.0,0.4239523,0.57604766,0.4239523
101,2024_04_CLE_LV,LV,270.0,3.0,-0.15934774,53,20.0,16.0,27.0,26.0,130.0,154.0,130.0,0.0,1.0,1.0,4.0,0.0,0,0.0,0.0,0.0,10.0,0.5944584,0.5944584,0.40554163
102,2024_04_DAL_NYG,DAL,294.0,2.0,0.20791504,50,15.0,20.0,22.0,28.0,221.0,81.0,221.0,15.0,1.0,0.0,3.0,1.0,0,0.0,0.0,0.0,5.0,0.6127147,0.38728532,0.6127147
103,2024_04_DAL_NYG,NYG,304.0,0.0,-0.04494051,64,15.0,20.0,23.0,41.0,281.0,27.0,281.0,25.0,0.0,0.0,5.0,3.0,0,1.0,0.0,0.0,10.0,0.38780913,0.38780913,0.6121909
104,2024_04_DEN_NYJ,DEN,190.0,1.0,-0.2849217,54,9.0,10.0,29.0,25.0,60.0,130.0,60.0,0.0,1.0,1.0,3.0,0.0,0,0.0,0.0,0.0,13.0,0.44574064,0.55425936,0.44574064
105,2024_04_DEN_NYJ,NYJ,248.0,0.0,-0.2848853,70,9.0,10.0,23.0,47.0,225.0,64.0,225.0,15.0,1.0,1.0,4.0,0.0,0,0.0,0.0,0.0,18.0,0.61507595,0.61507595,0.38492405
106,2024_04_JAX_HOU,HOU,435.0,3.0,0.15695022,68,23.0,20.0,26.0,42.0,345.0,101.0,345.0,25.0,0.0,0.0,7.0,0.0,0,0.0,0.0,0.0,13.0,0.53831697,0.53831697,0.46168303
107,2024_04_JAX_HOU,JAX,314.0,2.0,-0.013452726,57,24.0,20.0,23.0,34.0,169.0,159.0,181.0,20.0,0.0,0.0,4.0,0.0,0,0.0,0.0,0.0,15.0,0.50122035,0.49877965,0.50122035
108,2024_04_KC_LAC,KC,332.0,2.0,-0.087988585,55,10.0,17.0,23.0,32.0,245.0,104.0,245.0,5.0,2.0,1.0,9.0,0.0,0,1.0,0.0,0.0,9.0,0.3945365,0.60546356,0.3945365
109,2024_04_KC_LAC,LAC,224.0,1.0,-0.21402584,53,10.0,17.0,24.0,29.0,179.0,55.0,179.0,0.0,0.0,0.0,4.0,0.0,0,0.0,0.0,0.0,11.0,0.64674574,0.64674574,0.3532543
110,2024_04_LA_CHI,CHI,266.0,3.0,0.083259255,52,24.0,18.0,26.0,26.0,157.0,133.0,157.0,0.0,1.0,0.0,3.0,0.0,0,0.0,0.0,0.0,6.0,0.6311649,0.6311649,0.36883503
111,2024_04_LA_CHI,LA,323.0,1.0,0.038065623,58,24.0,18.0,25.0,33.0,224.0,120.0,224.0,15.0,1.0,1.0,5.0,0.0,0,1.0,0.0,0.0,8.0,0.4333635,0.5666365,0.4333635
112,2024_04_MIN_GB,GB,467.0,4.0,-0.124077596,75,28.0,31.0,19.0,56.0,389.0,86.0,389.0,29.0,1.0,1.0,4.0,0.0,0,3.0,0.0,0.0,19.0,0.098001435,0.098001435,0.9019986
113,2024_04_MIN_GB,MIN,377.0,4.0,0.033447336,61,22.0,31.0,31.0,30.0,275.0,123.0,275.0,15.0,1.0,1.0,4.0,0.0,0,1.0,0.0,0.0,7.0,0.86636686,0.13363318,0.86636686
114,2024_04_NE_SF,NE,213.0,2.0,-0.47611004,62,30.0,13.0,24.0,38.0,168.0,73.0,164.0,10.0,4.0,2.0,5.0,1.0,0,1.0,0.0,0.0,12.0,0.13364021,0.8663598,0.13364021
115,2024_04_NE_SF,SF,432.0,2.0,0.13354877,59,30.0,13.0,31.0,28.0,288.0,149.0,288.0,10.0,0.0,0.0,7.0,0.0,0,1.0,0.0,0.0,11.0,0.8776187,0.8776187,0.12238128
116,2024_04_NO_ATL,ATL,315.0,0.0,0.019696927,51,23.0,24.0,15.0,36.0,238.0,88.0,238.0,0.0,1.0,0.0,4.0,0.0,0,1.0,0.0,0.0,13.0,0.6183303,0.6183303,0.3816697
117,2024_04_NO_ATL,NO,366.0,4.0,0.06014873,70,23.0,23.0,33.0,37.0,239.0,131.0,239.0,20.0,0.0,0.0,7.0,1.0,0,1.0,0.0,0.0,7.0,0.39826515,0.6017349,0.39826515
118,2024_04_PHI_TB,PHI,228.0,2.0,-0.065841265,55,33.0,16.0,19.0,36.0,158.0,114.0,158.0,5.0,2.0,1.0,6.0,1.0,0,0.0,0.0,0.0,12.0,0.07129814,0.9287019,0.07129814
119,2024_04_PHI_TB,TB,446.0,4.0,0.20875408,73,33.0,16.0,24.0,49.0,347.0,112.0,347.0,0.0,0.0,0.0,6.0,1.0,0,0.0,0.0,0.0,17.0,0.88308203,0.88308203,0.11691796
120,2024_04_PIT_IND,IND,359.0,3.0,0.11364082,63,27.0,24.0,31.0,32.0,239.0,134.0,239.0,0.0,1.0,0.0,8.0,0.0,0,0.0,0.0,0.0,11.0,0.84766304,0.84766304,0.15233696
121,2024_04_PIT_IND,PIT,404.0,3.0,-0.059012406,67,27.0,24.0,30.0,37.0,312.0,122.0,312.0,28.0,2.0,2.0,6.0,0.0,0,0.0,0.0,0.0,11.0,0.1460881,0.8539119,0.1460881
122,2024_04_SEA_DET,DET,391.0,6.0,0.45770934,48,42.0,29.0,26.0,22.0,299.0,118.0,299.0,30.0,0.0,0.0,3.0,0.0,0,0.0,1.0,0.0,0.0,0.78650326,0.78650326,0.21349679
123,2024_04_SEA_DET,SEA,516.0,4.0,0.086130135,79,42.0,29.0,19.0,60.0,395.0,133.0,379.0,14.0,1.0,1.0,5.0,1.0,0,1.0,0.0,0.0,17.0,0.13521527,0.8647847,0.13521527
124,2024_04_TEN_MIA,MIA,184.0,1.0,-0.44382244,55,12.0,31.0,30.0,25.0,96.0,106.0,96.0,28.0,0.0,1.0,2.0,1.0,0,0.0,1.0,0.0,8.0,0.30651066,0.30651066,0.6934894
125,2024_04_TEN_MIA,TEN,244.0,2.0,-0.12303492,61,12.0,30.0,40.0,21.0,110.0,142.0,110.0,15.0,0.0,0.0,2.0,1.0,0,1.0,0.0,0.0,7.0,0.6811586,0.3188414,0.6811586
126,2024_04_WAS_ARI,ARI,296.0,2.0,-0.086210504,58,14.0,42.0,32.0,26.0,142.0,181.0,142.0,10.0,2.0,1.0,4.0,2.0,0,0.0,0.0,0.0,6.0,0.24803528,0.24803528,0.7519647
127,2024_04_WAS_ARI,WAS,451.0,5.0,0.41568828,68,14.0,41.0,37.0,31.0,233.0,216.0,233.0,45.0,0.0,0.0,9.0,1.0,0,1.0,0.0,0.0,3.0,0.75687766,0.24312232,0.75687766
128,2024_05_ARI_SF,ARI,363.0,2.0,0.123573415,56,23.0,21.0,25.0,31.0,195.0,172.0,195.0,1.0,1.0,0.0,3.0,1.0,0,1.0,0.0,0.0,10.0,0.34455878,0.6554412,0.34455878
129,2024_05_ARI_SF,SF,384.0,1.0,-0.041769844,63,23.0,24.0,26.0,37.0,244.0,153.0,244.0,0.0,1.0,1.0,6.0,0.0,0,2.0,0.0,0.0,14.0,0.67864627,0.67864627,0.32135373
130,2024_05_BAL_CIN,BAL,521.0,5.0,0.29044858,76,38.0,38.0,33.0,43.0,348.0,176.0,348.0,10.0,0.0,1.0,10.0,1.0,0,0.0,1.0,0.0,16.0,0.40530673,0.59469324,0.40530673
131,2024_05_BAL_CIN,CIN,444.0,5.0,0.2662288,66,38.0,38.0,24.0,42.0,392.0,71.0,392.0,6.0,0.0,0.0,8.0,0.0,0,1.0,0.0,0.0,8.0,0.61004424,0.61004424,0.38995573
132,2024_05_BUF_HOU,BUF,276.0,2.0,-0.015058113,59,20.0,20.0,28.0,31.0,131.0,150.0,131.0,15.0,0.0,0.0,3.0,1.0,0,0.0,0.0,0.0,21.0,0.29380125,0.70619875,0.29380125
133,2024_05_BUF_HOU,HOU,425.0,2.0,-0.057969272,67,20.0,20.0,28.0,39.0,331.0,94.0,331.0,25.0,1.0,1.0,8.0,0.0,0,1.0,0.0,0.0,9.0,0.77624315,0.77624315,0.22375688
134,2024_05_CAR_CHI,CAR,292.0,1.0,-0.25997198,58,36.0,10.0,19.0,39.0,194.0,120.0,194.0,0.0,2.0,2.0,3.0,1.0,0,1.0,0.0,0.0,12.0,0.14291115,0.8570888,0.14291115
135,2024_05_CAR_CHI,CHI,428.0,5.0,0.21436304,67,36.0,10.0,36.0,31.0,304.0,132.0,304.0,0.0,0.0,0.0,4.0,0.0,0,0.0,0.0,0.0,9.0,0.817028,0.817028,0.18297198
136,2024_05_CLE_WAS,CLE,212.0,1.0,-0.30568817,59,34.0,13.0,23.0,36.0,141.0,104.0,141.0,0.0,1.0,1.0,1.0,2.0,0,0.0,0.0,0.0,13.0,0.1405997,0.8594003,0.1405997
137,2024_05_CLE_WAS,WAS,434.0,4.0,0.0844965,65,34.0,13.0,34.0,31.0,236.0,215.0,236.0,3.0,2.0,1.0,8.0,2.0,0,1.0,0.0,0.0,12.0,0.8500946,0.8500946,0.1499054
138,2024_05_DAL_PIT,DAL,445.0,2.0,0.11317537,75,17.0,19.0,31.0,44.0,352.0,109.0,352.0,40.0,2.0,1.0,9.0,1.0,0,2.0,0.0,0.0,11.0,0.48286584,0.51713413,0.48286584
139,2024_05_DAL_PIT,PIT,226.0,2.0,0.045424223,57,17.0,20.0,26.0,31.0,150.0,92.0,154.0,17.0,2.0,1.0,3.0,2.0,0,0.0,0.0,0.0,12.0,0.4870946,0.4870946,0.51290536
140,2024_05_GB_LA,GB,325.0,4.0,0.018795196,56,19.0,24.0,28.0,28.0,224.0,128.0,224.0,0.0,1.0,0.0,1.0,0.0,0,1.0,0.0,0.0,10.0,0.61629736,0.3837026,0.61629736
141,2024_05_GB_LA,LA,370.0,2.0,-0.09714081,77,19.0,24.0,29.0,48.0,260.0,134.0,260.0,0.0,1.0,1.0,8.0,2.0,0,1.0,0.0,0.0,15.0,0.3840646,0.3840646,0.6159354
142,2024_05_IND_JAX,IND,448.0,4.0,0.25687316,68,37.0,34.0,19.0,49.0,383.0,100.0,383.0,15.0,1.0,1.0,7.0,1.0,0,0.0,0.0,0.0,11.0,0.3429576,0.6570424,0.3429576
143,2024_05_IND_JAX,JAX,497.0,4.0,0.27860418,57,34.0,34.0,23.0,34.0,371.0,126.0,371.0,5.0,2.0,1.0,3.0,1.0,0,1.0,0.0,0.0,5.0,0.6117206,0.6117206,0.38827935
144,2024_05_LV_DEN,DEN,293.0,3.0,0.06907283,54,34.0,18.0,25.0,29.0,206.0,113.0,206.0,5.0,0.0,0.0,3.0,1.0,0,0.0,0.0,0.0,7.0,0.68639845,0.68639845,0.31360155
145,2024_05_LV_DEN,LV,332.0,3.0,-0.19881104,66,34.0,18.0,26.0,40.0,231.0,115.0,231.0,15.0,0.0,0.0,7.0,0.0,0,3.0,0.0,0.0,12.0,0.3226917,0.67730826,0.3226917
146,2024_05_MIA_NE,MIA,372.0,1.0,-0.07375417,76,10.0,15.0,41.0,35.0,194.0,193.0,194.0,35.0,0.0,0.0,2.0,0.0,0,1.0,0.0,0.0,12.0,0.43326703,0.56673294,0.43326703
147,2024_05_MIA_NE,NE,299.0,1.0,-0.08153476,54,10.0,15.0,19.0,35.0,160.0,151.0,160.0,25.0,0.0,0.0,4.0,0.0,0,0.0,0.0,0.0,15.0,0.61151975,0.61151975,0.38848022
148,2024_05_NO_KC,KC,463.0,2.0,0.14729314,77,23.0,13.0,36.0,41.0,331.0,142.0,316.0,4.0,1.0,0.0,6.0,1.0,0,1.0,0.0,0.0,10.0,0.8241781,0.8241781,0.17582193
149,2024_05_NO_KC,NO,220.0,2.0,-0.099703595,51,26.0,13.0,15.0,36.0,182.0,46.0,182.0,0.0,0.0,0.0,4.0,0.0,0,1.0,0.0,0.0,14.0,0.19517519,0.8048248,0.19517519
150,2024_05_NYG_SEA,NYG,422.0,3.0,0.013006963,70,20.0,29.0,33.0,37.0,257.0,177.0,257.0,25.0,2.0,1.0,7.0,0.0,0,0.0,0.0,0.0,11.0,0.61460745,0.38539252,0.61460745
151,2024_05_NYG_SEA,SEA,333.0,1.0,-0.09542316,58,20.0,29.0,11.0,47.0,284.0,102.0,284.0,0.0,1.0,1.0,3.0,0.0,0,0.0,0.0,0.0,12.0,0.31655985,0.31655985,0.68344015
152,2024_05_NYJ_MIN,MIN,255.0,1.0,-0.27647755,64,20.0,17.0,28.0,36.0,203.0,84.0,203.0,10.0,0.0,1.0,4.0,0.0,0,1.0,0.0,0.0,16.0,0.82183546,0.82183546,0.17816453
153,2024_05_NYJ_MIN,NYJ,254.0,3.0,-0.33559868,71,23.0,17.0,14.0,57.0,244.0,36.0,244.0,0.0,1.0,0.0,5.0,0.0,0,3.0,0.0,0.0,22.0,0.19753009,0.8024699,0.19753009
154,2024_05_TB_ATL,ATL,550.0,4.0,0.23220593,79,36.0,30.0,18.0,61.0,509.0,73.0,509.0,10.0,1.0,0.0,6.0,2.0,0,1.0,0.0,0.0,14.0,0.416203,0.416203,0.58379704
155,2024_05_TB_ATL,TB,334.0,3.0,0.1732601,50,27.0,30.0,25.0,25.0,180.0,161.0,180.0,14.0,2.0,1.0,6.0,0.0,0,0.0,0.0,0.0,5.0,0.6098558,0.39014423,0.6098558
156,2024_06_ARI_GB,ARI,303.0,1.0,-0.12452219,55,34.0,13.0,23.0,32.0,214.0,89.0,214.0,40.0,2.0,3.0,4.0,0.0,0,0.0,0.0,0.0,10.0,0.1076505,0.89234954,0.1076505
157,2024_06_ARI_GB,GB,439.0,4.0,0.2862532,68,34.0,13.0,36.0,32.0,258.0,181.0,258.0,20.0,0.0,0.0,7.0,1.0,0,1.0,0.0,0.0,9.0,0.8726521,0.8726521,0.12734787
158,2024_06_ATL_CAR,ATL,430.0,4.0,0.27975172,65,20.0,35.0,35.0,30.0,225.0,203.0,225.0,11.0,1.0,1.0,6.0,0.0,0,0.0,0.0,0.0,11.0,0.66888815,0.33111185,0.66888815
159,2024_06_ATL_CAR,CAR,335.0,2.0,-0.09854121,62,20.0,38.0,24.0,38.0,221.0,114.0,221.0,10.0,2.0,0.0,5.0,0.0,0,2.0,0.0,0.0,10.0,0.36148047,0.36148047,0.6385195
160,2024_06_BUF_NYJ,BUF,362.0,3.0,0.28208354,57,20.0,23.0,30.0,27.0,215.0,152.0,215.0,0.0,1.0,0.0,5.0,0.0,0,0.0,0.0,0.0,6.0,0.5681856,0.43181437,0.5681856
161,2024_06_BUF_NYJ,NYJ,393.0,2.0,0.1887088,59,20.0,23.0,21.0,38.0,294.0,121.0,294.0,48.0,1.0,0.0,4.0,0.0,0,1.0,0.0,0.0,11.0,0.52171314,0.52171314,0.47828686
162,2024_06_CIN_NYG,CIN,306.0,2.0,0.033413973,50,7.0,16.0,18.0,32.0,208.0,123.0,208.0,14.0,2.0,1.0,4.0,0.0,0,0.0,0.0,0.0,9.0,0.65390486,0.34609517,0.65390486
163,2024_06_CIN_NYG,NYG,310.0,1.0,-0.1374357,71,7.0,17.0,30.0,41.0,205.0,120.0,205.0,0.0,0.0,0.0,5.0,3.0,0,1.0,0.0,0.0,16.0,0.3576363,0.3576363,0.64236367
164,2024_06_CLE_PHI,CLE,244.0,0.0,-0.02047589,53,20.0,13.0,25.0,28.0,168.0,100.0,168.0,0.0,0.0,0.0,3.0,1.0,0,0.0,0.0,0.0,7.0,0.39521444,0.60478556,0.39521444
165,2024_06_CLE_PHI,PHI,376.0,2.0,0.17127573,58,20.0,16.0,32.0,26.0,264.0,120.0,264.0,0.0,0.0,0.0,5.0,2.0,0,0.0,0.0,0.0,9.0,0.64510965,0.64510965,0.35489038
166,2024_06_DET_DAL,DAL,251.0,0.0,-0.5458672,65,9.0,47.0,17.0,48.0,224.0,53.0,224.0,0.0,2.0,2.0,3.0,1.0,0,3.0,0.0,0.0,16.0,0.17419885,0.17419885,0.82580113
167,2024_06_DET_DAL,DET,494.0,5.0,0.37391555,64,9.0,47.0,34.0,30.0,334.0,186.0,334.0,30.0,1.0,0.0,4.0,1.0,0,0.0,0.0,0.0,8.0,0.86768925,0.13231076,0.86768925
168,2024_06_HOU_NE,HOU,369.0,5.0,0.11557763,61,21.0,41.0,27.0,34.0,192.0,193.0,192.0,15.0,0.0,0.0,4.0,0.0,0,1.0,0.0,0.0,11.0,0.825041,0.17495899,0.825041
169,2024_06_HOU_NE,NE,291.0,3.0,-0.30611792,63,21.0,41.0,26.0,37.0,243.0,82.0,243.0,0.0,2.0,2.0,3.0,2.0,0,2.0,0.0,0.0,11.0,0.10645559,0.10645559,0.8935444
170,2024_06_IND_TEN,IND,269.0,2.0,-0.09491335,66,17.0,20.0,28.0,38.0,189.0,80.0,189.0,30.0,0.0,0.0,7.0,1.0,0,1.0,0.0,0.0,15.0,0.45769903,0.54230094,0.45769903
171,2024_06_IND_TEN,TEN,241.0,2.0,-0.025934514,55,17.0,20.0,28.0,27.0,95.0,146.0,99.0,5.0,1.0,0.0,4.0,1.0,0,1.0,0.0,0.0,10.0,0.55324906,0.55324906,0.4467509
172,2024_06_JAX_CHI,CHI,376.0,5.0,0.29274774,58,35.0,16.0,26.0,32.0,226.0,155.0,226.0,0.0,1.0,0.0,5.0,1.0,0,1.0,0.0,0.0,5.0,0.76293796,0.76293796,0.23706204
173,2024_06_JAX_CHI,JAX,279.0,2.0,-0.0065479777,60,35.0,16.0,19.0,41.0,240.0,69.0,240.0,0.0,1.0,1.0,7.0,2.0,0,1.0,0.0,0.0,11.0,0.2277578,0.77224225,0.2277578
174,2024_06_LAC_DEN,DEN,316.0,2.0,-0.06120743,54,13.0,23.0,18.0,36.0,216.0,110.0,216.0,5.0,1.0,1.0,3.0,2.0,0,1.0,0.0,0.0,13.0,0.11928157,0.11928157,0.88071847
175,2024_06_LAC_DEN,LAC,353.0,2.0,0.08554288,72,13.0,23.0,35.0,37.0,237.0,131.0,237.0,0.0,1.0,0.0,11.0,0.0,0,0.0,0.0,0.0,13.0,0.8557573,0.1442427,0.8557573
176,2024_06_PIT_LV,LV,275.0,2.0,-0.24397138,61,13.0,32.0,19.0,42.0,227.0,57.0,227.0,0.0,2.0,2.0,2.0,1.0,0,1.0,0.0,0.0,12.0,0.30311078,0.30311078,0.6968892
177,2024_06_PIT_LV,PIT,295.0,3.0,0.09707485,61,13.0,32.0,33.0,28.0,145.0,185.0,145.0,20.0,0.0,0.0,4.0,1.0,0,0.0,0.0,0.0,10.0,0.6416487,0.3583513,0.6416487
178,2024_06_SF_SEA,SEA,358.0,2.0,0.013638104,72,24.0,36.0,20.0,52.0,312.0,52.0,312.0,0.0,1.0,0.0,7.0,2.0,0,2.0,0.0,0.0,19.0,0.1933772,0.1933772,0.8066228
179,2024_06_SF_SEA,SF,484.0,4.0,0.34049717,61,24.0,35.0,33.0,28.0,255.0,229.0,255.0,13.0,0.0,0.0,5.0,0.0,0,0.0,0.0,0.0,10.0,0.8019377,0.19806224,0.8019377
180,2024_06_TB_NO,NO,303.0,3.0,-0.41090915,66,27.0,51.0,21.0,45.0,243.0,81.0,243.0,15.0,2.0,1.0,4.0,1.0,0,2.0,0.0,0.0,16.0,0.35340837,0.35340837,0.6465916
181,2024_06_TB_NO,TB,594.0,6.0,0.22036001,73,27.0,50.0,35.0,38.0,325.0,277.0,316.0,67.0,1.0,0.0,6.0,0.0,0,3.0,0.0,0.0,9.0,0.63099337,0.36900666,0.63099337
182,2024_06_WAS_BAL,BAL,486.0,3.0,0.16918392,63,30.0,23.0,35.0,28.0,323.0,178.0,323.0,0.0,0.0,0.0,6.0,0.0,0,1.0,0.0,0.0,5.0,0.69413954,0.69413954,0.3058605
183,2024_06_WAS_BAL,WAS,305.0,2.0,0.10231656,56,30.0,20.0,18.0,38.0,269.0,52.0,269.0,0.0,0.0,0.0,4.0,1.0,0,0.0,0.0,0.0,11.0,0.2950075,0.7049925,0.2950075
184,2024_07_BAL_TB,BAL,508.0,5.0,0.47213036,54,31.0,41.0,30.0,24.0,281.0,244.0,281.0,55.0,0.0,1.0,3.0,1.0,0,0.0,0.0,0.0,5.0,0.7270257,0.2729743,0.7270257
185,2024_07_BAL_TB,TB,484.0,4.0,0.122913666,79,31.0,41.0,29.0,50.0,370.0,126.0,370.0,30.0,1.0,0.0,11.0,1.0,0,2.0,0.0,0.0,12.0,0.30063665,0.30063665,0.69936335
186,2024_07_CAR_WAS,CAR,181.0,2.0,-0.47399506,42,40.0,7.0,22.0,20.0,89.0,96.0,89.0,10.0,0.0,0.0,3.0,0.0,0,2.0,0.0,0.0,3.0,0.15009898,0.849901,0.15009898
187,2024_07_CAR_WAS,WAS,424.0,3.0,0.26922607,61,40.0,7.0,35.0,26.0,211.0,216.0,211.0,0.0,0.0,0.0,5.0,0.0,0,0.0,0.0,0.0,5.0,0.95207256,0.95207256,0.04792741
188,2024_07_CIN_CLE,CIN,226.0,2.0,-0.194615,50,6.0,21.0,22.0,28.0,181.0,62.0,181.0,10.0,0.0,0.0,2.0,0.0,0,0.0,0.0,0.0,10.0,0.7724762,0.2275238,0.7724762
189,2024_07_CIN_CLE,CLE,340.0,2.0,-0.15467243,77,14.0,21.0,20.0,57.0,277.0,79.0,277.0,10.0,1.0,0.0,8.0,1.0,0,2.0,0.0,0.0,19.0,0.26347488,0.26347488,0.7365252
190,2024_07_DEN_NO,DEN,391.0,2.0,0.12467548,59,3.0,26.0,33.0,26.0,164.0,227.0,164.0,0.0,1.0,1.0,4.0,0.0,0,0.0,0.0,0.0,10.0,0.73759294,0.26240706,0.73759294
191,2024_07_DEN_NO,NO,272.0,2.0,-0.35659802,65,9.0,33.0,20.0,45.0,210.0,98.0,210.0,0.0,2.0,2.0,5.0,3.0,0,0.0,0.0,0.0,11.0,0.13450788,0.13450788,0.8654921
192,2024_07_DET_MIN,DET,395.0,5.0,0.13093385,54,29.0,28.0,25.0,29.0,280.0,148.0,280.0,15.0,3.0,1.0,4.0,0.0,0,0.0,0.0,0.0,3.0,0.5397113,0.46028873,0.5397113
193,2024_07_DET_MIN,MIN,383.0,2.0,0.053323943,53,29.0,31.0,21.0,32.0,259.0,139.0,259.0,10.0,0.0,0.0,4.0,0.0,0,1.0,0.0,0.0,4.0,0.44173673,0.44173673,0.5582633
194,2024_07_HOU_GB,GB,277.0,3.0,-0.07821454,56,21.0,22.0,20.0,36.0,220.0,82.0,220.0,25.0,0.0,0.0,4.0,0.0,0,2.0,0.0,0.0,7.0,0.5130949,0.5130949,0.4869051
195,2024_07_HOU_GB,HOU,198.0,2.0,-0.17564452,58,21.0,19.0,33.0,25.0,86.0,143.0,86.0,0.0,0.0,0.0,4.0,0.0,0,0.0,0.0,0.0,11.0,0.51611257,0.48388743,0.51611257
196,2024_07_KC_SF,KC,331.0,4.0,0.021756561,66,12.0,27.0,37.0,29.0,154.0,186.0,154.0,0.0,0.0,0.0,8.0,1.0,0,2.0,0.0,0.0,9.0,0.692074,0.307926,0.692074
197,2024_07_KC_SF,SF,310.0,2.0,-0.17998241,57,18.0,28.0,24.0,33.0,212.0,101.0,212.0,15.0,1.0,0.0,2.0,1.0,0,3.0,0.0,0.0,11.0,0.3084138,0.3084138,0.6915862
198,2024_07_LAC_ARI,ARI,329.0,2.0,0.035911966,53,14.0,15.0,27.0,26.0,145.0,184.0,145.0,0.0,2.0,1.0,2.0,0.0,0,1.0,0.0,0.0,11.0,0.596344,0.596344,0.403656
199,2024_07_LAC_ARI,LAC,395.0,0.0,0.049468063,63,14.0,12.0,22.0,41.0,349.0,59.0,349.0,0.0,2.0,1.0,6.0,1.0,0,0.0,0.0,0.0,11.0,0.45715633,0.5428437,0.45715633
200,2024_07_LV_LA,LA,261.0,2.0,-0.2877217,50,20.0,15.0,26.0,24.0,154.0,117.0,154.0,0.0,0.0,0.0,2.0,0.0,0,1.0,0.0,0.0,8.0,0.7393972,0.7393972,0.26060277
201,2024_07_LV_LA,LV,317.0,1.0,-0.3405067,75,20.0,15.0,29.0,46.0,206.0,122.0,206.0,11.0,1.0,1.0,3.0,1.0,0,3.0,0.0,0.0,20.0,0.28596678,0.71403325,0.28596678
202,2024_07_MIA_IND,IND,285.0,1.0,-0.19459946,60,13.0,10.0,36.0,24.0,129.0,156.0,129.0,0.0,0.0,1.0,4.0,0.0,0,0.0,0.0,0.0,14.0,0.5034881,0.5034881,0.4965119
203,2024_07_MIA_IND,MIA,337.0,1.0,-0.25723282,67,16.0,10.0,40.0,27.0,161.0,188.0,161.0,35.0,2.0,2.0,6.0,0.0,0,0.0,0.0,0.0,10.0,0.57018197,0.42981806,0.57018197
204,2024_07_NE_JAX,JAX,366.0,3.0,0.2409406,60,31.0,16.0,39.0,21.0,193.0,171.0,193.0,0.0,0.0,0.0,6.0,0.0,0,0.0,0.0,0.0,5.0,0.78513515,0.78513515,0.21486484
205,2024_07_NE_JAX,NE,295.0,2.0,0.07388121,55,32.0,16.0,15.0,40.0,276.0,38.0,276.0,0.0,0.0,0.0,6.0,0.0,0,0.0,0.0,0.0,11.0,0.30902982,0.6909702,0.30902982
206,2024_07_NYJ_PIT,NYJ,325.0,2.0,-0.023287788,56,37.0,15.0,15.0,41.0,276.0,54.0,276.0,15.0,0.0,0.0,3.0,1.0,0,2.0,0.0,0.0,13.0,0.4185991,0.58140093,0.4185991
207,2024_07_NYJ_PIT,PIT,409.0,4.0,0.15664223,66,36.0,15.0,36.0,30.0,264.0,149.0,264.0,10.0,0.0,0.0,5.0,2.0,0,0.0,0.0,0.0,13.0,0.65174013,0.65174013,0.34825984
208,2024_07_PHI_NYG,NYG,119.0,0.0,-0.42661414,54,3.0,28.0,18.0,36.0,105.0,76.0,105.0,0.0,1.0,0.0,3.0,0.0,0,0.0,0.0,0.0,11.0,0.23992862,0.23992862,0.76007134
209,2024_07_PHI_NYG,PHI,340.0,4.0,0.14653978,64,3.0,28.0,44.0,20.0,114.0,270.0,114.0,0.0,0.0,0.0,1.0,3.0,0,0.0,0.0,0.0,5.0,0.7970721,0.20292786,0.7970721
210,2024_07_SEA_ATL,ATL,370.0,3.0,-0.09877075,70,14.0,34.0,31.0,39.0,246.0,156.0,246.0,0.0,1.0,1.0,8.0,2.0,0,2.0,0.0,0.0,9.0,0.26902804,0.26902804,0.730972
211,2024_07_SEA_ATL,SEA,339.0,3.0,0.11313181,56,14.0,34.0,26.0,30.0,242.0,103.0,242.0,10.0,0.0,0.0,4.0,1.0,0,0.0,0.0,0.0,10.0,0.68016297,0.31983703,0.68016297
212,2024_07_TEN_BUF,BUF,389.0,4.0,0.21962814,54,33.0,10.0,20.0,34.0,323.0,74.0,323.0,0.0,1.0,0.0,3.0,0.0,0,0.0,0.0,0.0,12.0,0.6963969,0.6963969,0.30360314
213,2024_07_TEN_BUF,TEN,289.0,1.0,-0.22372471,66,34.0,10.0,24.0,42.0,215.0,89.0,223.0,0.0,2.0,1.0,6.0,1.0,0,1.0,0.0,0.0,13.0,0.4075442,0.59245586,0.4075442
214,2024_08_ARI_MIA,ARI,390.0,3.0,0.27863854,62,27.0,25.0,26.0,36.0,307.0,83.0,307.0,5.0,1.0,0.0,7.0,0.0,0,0.0,0.0,0.0,10.0,0.31682274,0.6831773,0.31682274
215,2024_08_ARI_MIA,MIA,377.0,3.0,0.19287461,64,27.0,25.0,25.0,39.0,234.0,150.0,234.0,0.0,2.0,0.0,11.0,0.0,0,0.0,1.0,0.0,10.0,0.7213873,0.7213873,0.2786127
216,2024_08_ATL_TB,ATL,394.0,4.0,0.2599835,60,26.0,31.0,29.0,31.0,276.0,129.0,276.0,25.0,0.0,0.0,6.0,2.0,0,0.0,1.0,0.0,6.0,0.690517,0.30948302,0.690517
217,2024_08_ATL_TB,TB,433.0,3.0,0.08780196,70,26.0,31.0,21.0,49.0,330.0,103.0,330.0,8.0,2.0,1.0,9.0,1.0,0,2.0,0.0,0.0,10.0,0.31689152,0.31689152,0.68310845
218,2024_08_BAL_CLE,BAL,387.0,3.0,0.097184785,60,29.0,24.0,21.0,39.0,289.0,124.0,289.0,0.0,0.0,0.0,2.0,0.0,0,0.0,0.0,0.0,13.0,0.38713214,0.6128679,0.38713214
219,2024_08_BAL_CLE,CLE,401.0,3.0,0.13171001,67,29.0,24.0,23.0,44.0,334.0,80.0,334.0,0.0,1.0,1.0,8.0,0.0,0,0.0,0.0,0.0,14.0,0.63302547,0.63302547,0.3669745
220,2024_08_BUF_SEA,BUF,448.0,4.0,0.31383556,66,10.0,31.0,31.0,35.0,283.0,167.0,283.0,0.0,0.0,0.0,8.0,1.0,0,1.0,0.0,0.0,9.0,0.7860293,0.21397072,0.7860293
221,2024_08_BUF_SEA,SEA,234.0,1.0,-0.21150005,46,10.0,31.0,16.0,30.0,212.0,33.0,212.0,10.0,0.0,0.0,1.0,0.0,0,1.0,0.0,0.0,7.0,0.2125215,0.2125215,0.7874785
222,2024_08_CAR_DEN,CAR,284.0,2.0,-0.14565723,60,28.0,13.0,20.0,40.0,224.0,69.0,224.0,40.0,0.0,0.0,5.0,1.0,0,2.0,0.0,0.0,12.0,0.20842294,0.7915771,0.20842294
223,2024_08_CAR_DEN,DEN,402.0,4.0,0.03536975,71,28.0,7.0,30.0,41.0,315.0,104.0,315.0,0.0,2.0,2.0,11.0,1.0,0,0.0,0.0,0.0,9.0,0.7617437,0.7617437,0.23825625
224,2024_08_CHI_WAS,CHI,309.0,2.0,-0.12941422,61,12.0,15.0,33.0,28.0,131.0,202.0,131.0,0.0,0.0,1.0,2.0,0.0,0,0.0,0.0,0.0,14.0,0.28307155,0.7169284,0.28307155
225,2024_08_CHI_WAS,WAS,481.0,1.0,0.07495406,72,18.0,15.0,32.0,40.0,326.0,168.0,326.0,20.0,0.0,0.0,5.0,0.0,0,0.0,0.0,0.0,17.0,0.7673948,0.7673948,0.23260525
226,2024_08_DAL_SF,DAL,293.0,3.0,-0.0179736,58,30.0,24.0,18.0,40.0,243.0,57.0,243.0,0.0,2.0,0.0,4.0,1.0,0,2.0,0.0,0.0,11.0,0.30206802,0.69793195,0.30206802
227,2024_08_DAL_SF,SF,470.0,3.0,0.25147954,63,30.0,24.0,35.0,28.0,260.0,224.0,260.0,0.0,0.0,0.0,8.0,0.0,0,0.0,0.0,0.0,8.0,0.6981531,0.6981531,0.30184698
228,2024_08_GB_JAX,GB,425.0,3.0,0.10961366,64,27.0,27.0,36.0,28.0,252.0,173.0,252.0,10.0,0.0,0.0,3.0,0.0,0,1.0,0.0,0.0,8.0,0.5871174,0.41288263,0.5871174
229,2024_08_GB_JAX,JAX,390.0,3.0,0.061244253,56,26.0,27.0,23.0,33.0,308.0,91.0,308.0,0.0,1.0,1.0,1.0,1.0,0,1.0,0.0,0.0,10.0,0.36350444,0.36350444,0.6364956
230,2024_08_IND_HOU,HOU,363.0,2.0,-0.06942153,68,23.0,20.0,29.0,39.0,285.0,96.0,285.0,0.0,1.0,1.0,4.0,0.0,0,0.0,0.0,0.0,12.0,0.65288424,0.65288424,0.34711573
231,2024_08_IND_HOU,IND,304.0,2.0,-0.09270545,61,23.0,20.0,25.0,36.0,175.0,151.0,175.0,10.0,1.0,1.0,2.0,2.0,0,1.0,0.0,0.0,20.0,0.31901586,0.6809842,0.31901586
232,2024_08_KC_LV,KC,337.0,3.0,0.17511763,64,13.0,26.0,26.0,38.0,262.0,85.0,262.0,7.0,0.0,0.0,12.0,0.0,0,1.0,0.0,0.0,9.0,0.6208367,0.37916332,0.6208367
233,2024_08_KC_LV,LV,229.0,2.0,-0.057852197,53,19.0,27.0,20.0,33.0,209.0,34.0,209.0,5.0,1.0,1.0,6.0,1.0,0,0.0,0.0,0.0,4.0,0.3666312,0.3666312,0.6333688
234,2024_08_MIN_LA,LA,390.0,4.0,0.1864958,63,28.0,20.0,29.0,34.0,279.0,111.0,279.0,17.0,0.0,0.0,4.0,1.0,0,1.0,0.0,0.0,8.0,0.5864029,0.5864029,0.4135971
235,2024_08_MIN_LA,MIN,277.0,2.0,0.107988074,49,30.0,20.0,21.0,28.0,240.0,65.0,240.0,0.0,0.0,0.0,2.0,0.0,0,0.0,1.0,0.0,7.0,0.42890674,0.57109326,0.42890674
236,2024_08_NO_LAC,LAC,379.0,3.0,-0.0020965622,63,25.0,8.0,28.0,35.0,279.0,123.0,279.0,0.0,1.0,0.0,3.0,0.0,0,0.0,1.0,0.0,12.0,0.7103684,0.7103684,0.2896316
237,2024_08_NO_LAC,NO,366.0,0.0,-0.19930524,68,26.0,8.0,21.0,47.0,281.0,117.0,281.0,25.0,0.0,0.0,2.0,1.0,0,0.0,0.0,0.0,20.0,0.26765805,0.73234195,0.26765805
238,2024_08_NYG_PIT,NYG,394.0,1.0,0.043494616,68,26.0,18.0,25.0,43.0,264.0,157.0,264.0,25.0,1.0,1.0,5.0,1.0,0,1.0,0.0,0.0,13.0,0.30475786,0.6952421,0.30475786
239,2024_08_NYG_PIT,PIT,427.0,1.0,0.084048755,61,26.0,18.0,30.0,31.0,278.0,168.0,278.0,5.0,1.0,1.0,6.0,0.0,0,0.0,0.0,0.0,7.0,0.71322894,0.71322894,0.28677106
240,2024_08_NYJ_NE,NE,250.0,3.0,0.036902253,64,25.0,22.0,31.0,33.0,155.0,112.0,155.0,15.0,1.0,0.0,7.0,1.0,0,0.0,0.0,0.0,12.0,0.49161297,0.49161297,0.508387
241,2024_08_NYJ_NE,NYJ,336.0,3.0,0.10021236,58,25.0,22.0,28.0,30.0,233.0,112.0,233.0,5.0,1.0,0.0,4.0,0.0,0,0.0,0.0,0.0,11.0,0.57588726,0.4241127,0.57588726
242,2024_08_PHI_CIN,CIN,281.0,2.0,-0.0009322459,57,17.0,37.0,19.0,38.0,234.0,59.0,234.0,0.0,2.0,1.0,10.0,0.0,0,1.0,0.0,0.0,10.0,0.48808736,0.48808736,0.51191264
243,2024_08_PHI_CIN,PHI,397.0,4.0,0.337938,59,17.0,34.0,39.0,20.0,236.0,161.0,236.0,25.0,0.0,0.0,6.0,1.0,0,0.0,0.0,0.0,4.0,0.5777208,0.42227915,0.5777208
244,2024_08_TEN_DET,DET,225.0,6.0,0.025190162,47,52.0,14.0,24.0,23.0,94.0,164.0,94.0,7.0,2.0,0.0,3.0,0.0,0,0.0,0.0,0.0,4.0,0.8771291,0.8771291,0.12287093
245,2024_08_TEN_DET,TEN,416.0,2.0,-0.29040793,71,52.0,14.0,32.0,39.0,266.0,158.0,266.0,0.0,2.0,2.0,3.0,1.0,0,2.0,0.0,0.0,14.0,0.12987448,0.87012553,0.12987448
246,2024_09_CHI_ARI,ARI,350.0,3.0,-0.069494046,57,29.0,9.0,34.0,23.0,154.0,213.0,154.0,0.0,1.0,2.0,5.0,0.0,0,0.0,0.0,0.0,7.0,0.79470897,0.79470897,0.20529103
247,2024_09_CHI_ARI,CHI,242.0,0.0,-0.22807486,69,29.0,9.0,22.0,47.0,217.0,70.0,217.0,0.0,1.0,0.0,3.0,2.0,0,0.0,0.0,0.0,19.0,0.22175278,0.77824724,0.22175278
248,2024_09_DAL_ATL,ATL,321.0,4.0,0.108993776,54,27.0,13.0,27.0,27.0,222.0,111.0,222.0,10.0,2.0,1.0,4.0,2.0,0,0.0,0.0,0.0,5.0,0.753785,0.753785,0.24621499
249,2024_09_DAL_ATL,DAL,380.0,2.0,-0.006381505,74,27.0,21.0,21.0,53.0,248.0,137.0,248.0,1.0,0.0,0.0,3.0,1.0,0,0.0,0.0,0.0,18.0,0.1959644,0.8040356,0.1959644
250,2024_09_DEN_BAL,BAL,397.0,5.0,0.41557604,53,41.0,10.0,33.0,20.0,280.0,128.0,280.0,31.0,1.0,0.0,3.0,0.0,0,0.0,0.0,0.0,3.0,0.8763427,0.8763427,0.12365732
251,2024_09_DEN_BAL,DEN,320.0,1.0,-0.16082165,67,41.0,10.0,29.0,38.0,225.0,123.0,225.0,18.0,0.0,0.0,6.0,1.0,0,1.0,0.0,0.0,13.0,0.17904834,0.82095164,0.17904834
252,2024_09_DET_GB,DET,263.0,2.0,0.12663473,52,14.0,24.0,29.0,23.0,145.0,126.0,145.0,0.0,0.0,0.0,4.0,2.0,0,0.0,0.0,0.0,4.0,0.7831032,0.21689679,0.7831032
253,2024_09_DET_GB,GB,413.0,2.0,-0.01571017,63,14.0,24.0,23.0,40.0,273.0,138.0,273.0,10.0,0.0,0.0,3.0,2.0,0,1.0,0.0,0.0,15.0,0.23457916,0.23457916,0.7654208
254,2024_09_HOU_NYJ,HOU,323.0,1.0,-0.07531797,74,21.0,10.0,35.0,39.0,191.0,188.0,191.0,13.0,1.0,1.0,6.0,2.0,0,0.0,0.0,0.0,20.0,0.41137764,0.5886224,0.41137764
255,2024_09_HOU_NYJ,NYJ,294.0,3.0,0.047567613,54,20.0,10.0,20.0,34.0,211.0,101.0,211.0,0.0,1.0,1.0,5.0,1.0,0,0.0,0.0,0.0,10.0,0.5278068,0.5278068,0.47219318
256,2024_09_IND_MIN,IND,228.0,0.0,-0.32621762,48,21.0,10.0,18.0,30.0,179.0,69.0,179.0,0.0,0.0,1.0,3.0,1.0,0,1.0,0.0,0.0,10.0,0.3802129,0.6197871,0.3802129
257,2024_09_IND_MIN,MIN,416.0,4.0,-0.042088676,70,20.0,10.0,31.0,39.0,312.0,134.0,312.0,5.0,1.0,1.0,6.0,1.0,0,2.0,0.0,0.0,4.0,0.59779733,0.59779733,0.40220267
258,2024_09_JAX_PHI,JAX,220.0,2.0,-0.17861125,52,28.0,23.0,17.0,35.0,169.0,61.0,169.0,0.0,0.0,0.0,3.0,1.0,0,2.0,0.0,0.0,13.0,0.16758166,0.8324184,0.16758166
259,2024_09_JAX_PHI,PHI,449.0,5.0,0.018917525,73,28.0,23.0,45.0,28.0,230.0,239.0,230.0,6.0,0.0,1.0,9.0,0.0,0,0.0,0.0,0.0,6.0,0.81615984,0.81615984,0.18384016
260,2024_09_LAC_CLE,CLE,292.0,1.0,-0.27078906,76,9.0,27.0,24.0,52.0,235.0,79.0,235.0,0.0,1.0,0.0,6.0,2.0,0,3.0,0.0,0.0,17.0,0.17702377,0.17702377,0.8229763
261,2024_09_LAC_CLE,LAC,344.0,4.0,0.031492658,54,3.0,26.0,21.0,33.0,282.0,98.0,269.0,10.0,0.0,0.0,5.0,1.0,0,0.0,0.0,0.0,9.0,0.79330796,0.20669203,0.79330796
262,2024_09_LA_SEA,LA,366.0,2.0,-0.027722653,68,20.0,26.0,24.0,44.0,298.0,68.0,298.0,20.0,1.0,0.0,3.0,0.0,0,1.0,0.0,0.0,18.0,0.5240976,0.47590238,0.5240976
263,2024_09_LA_SEA,SEA,425.0,4.0,-0.24853513,73,20.0,20.0,32.0,41.0,363.0,108.0,363.0,0.0,0.0,0.0,4.0,2.0,0,3.0,0.0,0.0,10.0,0.4829866,0.4829866,0.5170134
264,2024_09_LV_CIN,CIN,375.0,6.0,0.08859871,69,38.0,17.0,29.0,40.0,251.0,132.0,251.0,0.0,0.0,0.0,8.0,1.0,0,1.0,0.0,0.0,11.0,0.7823574,0.7823574,0.21764256
265,2024_09_LV_CIN,LV,217.0,2.0,-0.28455004,59,41.0,23.0,21.0,38.0,198.0,60.0,198.0,0.0,1.0,2.0,5.0,0.0,0,0.0,0.0,0.0,12.0,0.22215615,0.7778439,0.22215615
266,2024_09_MIA_BUF,BUF,327.0,3.0,0.16632274,59,27.0,27.0,19.0,40.0,235.0,94.0,235.0,0.0,0.0,0.0,5.0,1.0,0,1.0,0.0,0.0,12.0,0.5526401,0.5526401,0.4473599
267,2024_09_MIA_BUF,MIA,374.0,3.0,0.3055682,59,30.0,27.0,30.0,29.0,231.0,150.0,254.0,15.0,1.0,1.0,4.0,1.0,0,0.0,0.0,0.0,3.0,0.41851518,0.58148485,0.41851518
268,2024_09_NE_TEN,NE,295.0,2.0,-0.088690326,64,20.0,17.0,20.0,44.0,206.0,110.0,206.0,20.0,1.0,1.0,3.0,1.0,0,2.0,0.0,0.0,9.0,0.32036442,0.6796356,0.32036442
269,2024_09_NE_TEN,TEN,400.0,2.0,0.011146079,73,17.0,17.0,39.0,34.0,240.0,167.0,240.0,10.0,0.0,0.0,7.0,0.0,0,1.0,0.0,0.0,12.0,0.6678417,0.6678417,0.3321583
270,2024_09_NO_CAR,CAR,249.0,3.0,-0.007854276,49,23.0,22.0,21.0,28.0,171.0,83.0,171.0,0.0,0.0,0.0,4.0,0.0,0,1.0,0.0,0.0,9.0,0.4535978,0.4535978,0.54640216
271,2024_09_NO_CAR,NO,427.0,2.0,0.12825397,75,23.0,22.0,41.0,34.0,236.0,197.0,236.0,10.0,0.0,0.0,5.0,2.0,0,0.0,0.0,0.0,14.0,0.53864235,0.46135768,0.53864235
272,2024_09_TB_KC,KC,384.0,4.0,0.1403529,83,30.0,24.0,35.0,48.0,291.0,124.0,291.0,0.0,1.0,1.0,12.0,1.0,0,0.0,0.0,0.0,10.0,0.57750344,0.57750344,0.42249656
273,2024_09_TB_KC,TB,284.0,3.0,0.18954356,52,24.0,23.0,19.0,33.0,200.0,95.0,200.0,25.0,0.0,0.0,5.0,0.0,0,0.0,0.0,0.0,8.0,0.4164266,0.5835734,0.4164266
274,2024_09_WAS_NYG,NYG,326.0,3.0,0.10500855,61,22.0,27.0,31.0,30.0,174.0,164.0,174.0,0.0,1.0,1.0,6.0,2.0,0,0.0,0.0,0.0,6.0,0.25468132,0.25468132,0.74531865
275,2024_09_WAS_NYG,WAS,360.0,3.0,0.31158006,57,22.0,27.0,35.0,22.0,209.0,151.0,209.0,12.0,0.0,0.0,5.0,2.0,0,0.0,0.0,0.0,7.0,0.7877886,0.21221134,0.7877886
276,2024_10_ATL_NO,ATL,468.0,2.0,0.07373846,73,20.0,17.0,32.0,41.0,306.0,181.0,306.0,15.0,2.0,0.0,5.0,1.0,0,1.0,0.0,0.0,14.0,0.28360182,0.7163982,0.28360182
277,2024_10_ATL_NO,NO,366.0,2.0,0.0038524691,51,20.0,17.0,26.0,25.0,269.0,97.0,269.0,26.0,0.0,0.0,5.0,0.0,0,0.0,0.0,0.0,9.0,0.7410954,0.7410954,0.25890452
278,2024_10_BUF_IND,BUF,416.0,2.0,0.019989941,69,13.0,29.0,30.0,39.0,280.0,136.0,280.0,15.0,0.0,0.0,7.0,2.0,0,2.0,0.0,0.0,13.0,0.7152265,0.28477353,0.7152265
279,2024_10_BUF_IND,IND,361.0,3.0,-0.25126255,61,19.0,30.0,22.0,39.0,272.0,121.0,272.0,0.0,2.0,1.0,4.0,2.0,0,3.0,0.0,0.0,6.0,0.32412267,0.32412267,0.67587733
280,2024_10_CIN_BAL,BAL,392.0,5.0,0.32205033,58,34.0,28.0,25.0,33.0,290.0,100.0,290.0,0.0,0.0,0.0,7.0,0.0,0,0.0,0.0,0.0,8.0,0.4389368,0.4389368,0.5610632
281,2024_10_CIN_BAL,CIN,470.0,5.0,0.09940526,76,35.0,34.0,16.0,60.0,428.0,49.0,428.0,12.0,2.0,1.0,8.0,2.0,0,0.0,0.0,0.0,22.0,0.55026376,0.44973624,0.55026376
282,2024_10_DEN_KC,DEN,260.0,2.0,0.072835565,55,16.0,14.0,23.0,32.0,215.0,78.0,215.0,0.0,0.0,0.0,7.0,0.0,0,0.0,0.0,0.0,8.0,0.53667897,0.46332103,0.53667897
283,2024_10_DEN_KC,KC,300.0,1.0,0.0032262288,65,13.0,14.0,19.0,46.0,266.0,57.0,266.0,0.0,0.0,0.0,7.0,2.0,0,0.0,0.0,0.0,14.0,0.48848435,0.48848435,0.5115156
284,2024_10_DET_HOU,DET,345.0,3.0,-0.11832855,63,23.0,23.0,33.0,30.0,240.0,105.0,240.0,0.0,1.0,0.0,7.0,0.0,0,5.0,0.0,0.0,10.0,0.24918476,0.7508153,0.24918476
285,2024_10_DET_HOU,HOU,248.0,2.0,-0.22658275,65,23.0,23.0,28.0,37.0,232.0,56.0,232.0,0.0,0.0,0.0,6.0,0.0,0,2.0,0.0,0.0,12.0,0.799082,0.799082,0.200918
286,2024_10_MIA_LA,LA,327.0,0.0,-0.24376257,67,12.0,23.0,18.0,49.0,293.0,70.0,293.0,0.0,2.0,1.0,3.0,0.0,0,1.0,0.0,0.0,12.0,0.2643324,0.2643324,0.7356675
287,2024_10_MIA_LA,MIA,239.0,2.0,-0.12069886,52,12.0,20.0,21.0,31.0,207.0,68.0,207.0,30.0,1.0,1.0,6.0,0.0,0,1.0,0.0,0.0,7.0,0.7531798,0.24682027,0.7531798
288,2024_10_MIN_JAX,JAX,143.0,1.0,-0.33906332,43,7.0,12.0,18.0,25.0,111.0,56.0,111.0,0.0,0.0,1.0,5.0,0.0,0,2.0,0.0,0.0,6.0,0.55134016,0.55134016,0.4486598
289,2024_10_MIN_JAX,MIN,403.0,0.0,-0.003554508,80,7.0,12.0,41.0,39.0,241.0,170.0,241.0,20.0,0.0,0.0,5.0,1.0,0,3.0,0.0,0.0,11.0,0.50977147,0.49022856,0.50977147
290,2024_10_NE_CHI,CHI,142.0,0.0,-0.40186408,59,3.0,19.0,20.0,39.0,120.0,73.0,120.0,0.0,0.0,0.0,1.0,2.0,0,0.0,0.0,0.0,14.0,0.31606576,0.31606576,0.6839342
291,2024_10_NE_CHI,NE,329.0,1.0,0.004981851,60,3.0,16.0,34.0,26.0,184.0,145.0,184.0,0.0,0.0,0.0,5.0,1.0,0,1.0,0.0,0.0,9.0,0.71183485,0.28816515,0.71183485
292,2024_10_NYG_CAR,CAR,306.0,2.0,-0.017191736,58,17.0,17.0,32.0,26.0,126.0,188.0,126.0,5.0,1.0,1.0,6.0,0.0,0,0.0,0.0,0.0,10.0,0.7628365,0.7628365,0.23716344
293,2024_10_NYG_CAR,NYG,343.0,2.0,-0.12398126,71,17.0,17.0,33.0,38.0,190.0,168.0,190.0,0.0,2.0,1.0,7.0,0.0,0,2.0,0.0,0.0,12.0,0.27440843,0.7255916,0.27440843
294,2024_10_NYJ_ARI,ARI,407.0,4.0,0.37502554,56,31.0,6.0,31.0,25.0,266.0,148.0,266.0,10.0,1.0,0.0,5.0,1.0,0,0.0,0.0,0.0,2.0,0.86322695,0.86322695,0.13677302
295,2024_10_NYJ_ARI,NYJ,207.0,0.0,-0.15724571,55,31.0,6.0,17.0,38.0,151.0,79.0,151.0,0.0,1.0,1.0,6.0,1.0,0,0.0,0.0,0.0,13.0,0.13045277,0.8695472,0.13045277
296,2024_10_PHI_DAL,DAL,146.0,0.0,-0.7085976,56,6.0,34.0,24.0,32.0,66.0,97.0,66.0,0.0,3.0,4.0,3.0,2.0,0,1.0,0.0,0.0,11.0,0.2717772,0.2717772,0.7282228
297,2024_10_PHI_DAL,PHI,349.0,4.0,-0.050116666,64,6.0,34.0,37.0,27.0,207.0,188.0,207.0,15.0,1.0,1.0,4.0,1.0,0,1.0,0.0,0.0,6.0,0.7950486,0.20495142,0.7950486
298,2024_10_PIT_WAS,PIT,315.0,4.0,-0.022650374,72,27.0,28.0,40.0,32.0,195.0,143.0,195.0,4.0,1.0,1.0,7.0,1.0,0,1.0,0.0,0.0,14.0,0.39167774,0.60832226,0.39167774
299,2024_10_PIT_WAS,WAS,242.0,3.0,-0.13645925,59,27.0,28.0,22.0,37.0,202.0,60.0,202.0,0.0,0.0,0.0,5.0,0.0,0,0.0,0.0,0.0,17.0,0.59773636,0.59773636,0.40226364
300,2024_10_SF_TB,SF,414.0,2.0,0.24011229,59,20.0,20.0,21.0,38.0,353.0,76.0,353.0,5.0,1.0,0.0,5.0,0.0,0,0.0,0.0,0.0,10.0,0.5733135,0.4266865,0.5733135
301,2024_10_SF_TB,TB,215.0,2.0,-0.05572677,58,17.0,20.0,27.0,31.0,116.0,110.0,116.0,14.0,0.0,0.0,5.0,1.0,0,0.0,0.0,0.0,11.0,0.44124565,0.44124565,0.5587544
302,2024_10_TEN_LAC,LAC,311.0,3.0,0.2021027,55,27.0,10.0,37.0,18.0,164.0,147.0,164.0,20.0,0.0,0.0,4.0,1.0,0,0.0,0.0,0.0,4.0,0.6960724,0.6960724,0.30392766
303,2024_10_TEN_LAC,TEN,289.0,2.0,0.11689302,51,27.0,16.0,21.0,30.0,175.0,132.0,175.0,0.0,1.0,0.0,3.0,0.0,0,0.0,0.0,0.0,5.0,0.30461478,0.6953852,0.30461478
304,2024_11_ATL_DEN,ATL,226.0,0.0,-0.2739088,55,38.0,6.0,21.0,34.0,197.0,50.0,197.0,0.0,0.0,0.0,4.0,2.0,0,1.0,0.0,0.0,9.0,0.14712927,0.85287076,0.14712927
305,2024_11_ATL_DEN,DEN,400.0,5.0,0.3771954,60,38.0,6.0,26.0,34.0,307.0,105.0,307.0,12.0,1.0,0.0,6.0,1.0,0,0.0,0.0,0.0,5.0,0.84201473,0.84201473,0.15798524
306,2024_11_BAL_PIT,BAL,330.0,2.0,-0.10600445,54,18.0,16.0,18.0,36.0,207.0,125.0,207.0,0.0,2.0,2.0,4.0,0.0,0,1.0,0.0,0.0,16.0,0.29301363,0.70698637,0.29301363
307,2024_11_BAL_PIT,PIT,305.0,0.0,-0.2507253,72,18.0,16.0,32.0,40.0,205.0,124.0,205.0,5.0,0.0,0.0,4.0,0.0,0,1.0,0.0,0.0,12.0,0.754437,0.754437,0.24556297
308,2024_11_CIN_LAC,CIN,452.0,3.0,0.1032048,78,34.0,27.0,25.0,53.0,356.0,110.0,356.0,34.0,0.0,0.0,5.0,3.0,0,0.0,0.0,0.0,22.0,0.3280545,0.6719455,0.3280545
309,2024_11_CIN_LAC,LAC,435.0,4.0,0.047009736,62,33.0,27.0,25.0,37.0,297.0,155.0,297.0,0.0,1.0,1.0,3.0,1.0,0,0.0,0.0,0.0,18.0,0.7887587,0.7887587,0.21124133
310,2024_11_CLE_NO,CLE,445.0,2.0,0.030216586,71,35.0,14.0,20.0,51.0,395.0,66.0,395.0,0.0,0.0,0.0,3.0,1.0,0,0.0,0.0,0.0,16.0,0.22527574,0.77472425,0.22527574
311,2024_11_CLE_NO,NO,475.0,5.0,0.31130627,56,34.0,14.0,26.0,30.0,266.0,216.0,266.0,0.0,2.0,1.0,5.0,1.0,0,1.0,0.0,0.0,6.0,0.76186454,0.76186454,0.23813547
312,2024_11_GB_CHI,CHI,391.0,2.0,0.20041244,69,19.0,20.0,34.0,35.0,231.0,179.0,231.0,15.0,0.0,0.0,9.0,3.0,0,0.0,0.0,0.0,8.0,0.5857955,0.5857955,0.41420448
313,2024_11_GB_CHI,GB,367.0,3.0,0.26649007,43,19.0,20.0,25.0,18.0,261.0,107.0,261.0,0.0,0.0,0.0,1.0,0.0,0,1.0,0.0,0.0,3.0,0.48435628,0.5156437,0.48435628
314,2024_11_HOU_DAL,DAL,388.0,2.0,-0.30534688,79,10.0,34.0,18.0,61.0,358.0,64.0,358.0,15.0,1.0,1.0,5.0,0.0,0,1.0,0.0,0.0,22.0,0.22629468,0.22629468,0.77370536
315,2024_11_HOU_DAL,HOU,391.0,3.0,0.19383743,60,10.0,33.0,25.0,35.0,257.0,141.0,257.0,20.0,0.0,0.0,4.0,1.0,0,1.0,0.0,0.0,10.0,0.75548685,0.24451317,0.75548685
316,2024_11_IND_NYJ,IND,332.0,3.0,0.01833998,69,27.0,28.0,36.0,33.0,272.0,91.0,272.0,0.0,1.0,1.0,6.0,1.0,0,0.0,0.0,0.0,10.0,0.56264573,0.4373543,0.56264573
317,2024_11_IND_NYJ,NYJ,253.0,3.0,-0.10101157,52,27.0,28.0,20.0,32.0,184.0,91.0,184.0,15.0,1.0,0.0,4.0,0.0,0,0.0,0.0,0.0,7.0,0.48647,0.48647,0.51353
318,2024_11_JAX_DET,DET,647.0,7.0,0.5690216,74,52.0,6.0,41.0,33.0,449.0,198.0,440.0,30.0,0.0,0.0,6.0,3.0,0,0.0,0.0,0.0,6.0,0.8944483,0.8944483,0.105551705
319,2024_11_JAX_DET,JAX,170.0,0.0,-0.3716918,47,52.0,6.0,17.0,30.0,138.0,41.0,138.0,0.0,0.0,0.0,2.0,1.0,0,1.0,0.0,0.0,11.0,0.11784458,0.8821554,0.11784458
320,2024_11_KC_BUF,BUF,368.0,4.0,0.10483378,69,29.0,21.0,29.0,40.0,262.0,106.0,262.0,0.0,0.0,0.0,9.0,1.0,0,1.0,0.0,0.0,12.0,0.7178269,0.7178269,0.28217313
321,2024_11_KC_BUF,KC,259.0,3.0,0.1179802,52,30.0,21.0,17.0,35.0,196.0,78.0,196.0,15.0,0.0,0.0,5.0,0.0,0,2.0,0.0,0.0,8.0,0.28228253,0.71771747,0.28228253
322,2024_11_LA_NE,LA,405.0,4.0,0.40364027,48,22.0,28.0,21.0,27.0,295.0,110.0,295.0,0.0,0.0,0.0,2.0,1.0,0,0.0,0.0,0.0,9.0,0.65000135,0.34999868,0.65000135
323,2024_11_LA_NE,NE,382.0,2.0,0.102063425,72,22.0,28.0,30.0,42.0,282.0,125.0,282.0,21.0,2.0,1.0,6.0,0.0,0,1.0,0.0,0.0,9.0,0.3622929,0.3622929,0.6377071
324,2024_11_LV_MIA,LV,328.0,2.0,0.07929896,63,34.0,19.0,17.0,46.0,282.0,60.0,282.0,0.0,0.0,0.0,8.0,2.0,0,1.0,0.0,0.0,12.0,0.20558439,0.7944156,0.20558439
325,2024_11_LV_MIA,MIA,353.0,4.0,0.3144917,63,31.0,19.0,26.0,37.0,288.0,82.0,288.0,15.0,1.0,0.0,8.0,2.0,0,0.0,0.0,0.0,7.0,0.7431472,0.7431472,0.25685287
326,2024_11_MIN_TEN,MIN,319.0,3.0,-0.053563792,66,13.0,23.0,32.0,34.0,246.0,83.0,246.0,25.0,1.0,1.0,5.0,0.0,0,0.0,0.0,0.0,12.0,0.81475824,0.18524174,0.81475824
327,2024_11_MIN_TEN,TEN,294.0,1.0,-0.14260744,55,13.0,23.0,19.0,36.0,295.0,33.0,295.0,0.0,0.0,0.0,6.0,0.0,0,1.0,0.0,0.0,13.0,0.27794418,0.27794418,0.7220558
328,2024_11_SEA_SF,SEA,289.0,2.0,0.00345949,59,17.0,19.0,23.0,36.0,221.0,94.0,221.0,0.0,0.0,0.0,6.0,1.0,0,1.0,0.0,0.0,6.0,0.4031898,0.59681016,0.4031898
329,2024_11_SEA_SF,SF,277.0,2.0,0.102958895,57,17.0,20.0,27.0,30.0,159.0,131.0,159.0,5.0,0.0,0.0,7.0,0.0,0,1.0,0.0,0.0,6.0,0.5860853,0.5860853,0.41391465
330,2024_11_WAS_PHI,PHI,435.0,3.0,0.20099255,69,25.0,10.0,39.0,30.0,221.0,229.0,221.0,5.0,1.0,0.0,9.0,0.0,0,0.0,0.0,0.0,10.0,0.46209332,0.46209332,0.5379067
331,2024_11_WAS_PHI,WAS,266.0,2.0,-0.11744629,64,26.0,18.0,28.0,36.0,191.0,93.0,191.0,10.0,0.0,0.0,3.0,1.0,0,1.0,0.0,0.0,9.0,0.47466245,0.5253376,0.47466245
332,2024_12_ARI_SEA,ARI,298.0,1.0,-0.18470706,56,16.0,6.0,14.0,42.0,285.0,49.0,285.0,35.0,0.0,0.0,3.0,0.0,0,1.0,0.0,0.0,12.0,0.30732352,0.6926765,0.30732352
333,2024_12_ARI_SEA,SEA,287.0,1.0,-0.06546134,59,13.0,6.0,23.0,36.0,254.0,67.0,254.0,0.0,1.0,0.0,7.0,0.0,0,1.0,0.0,0.0,8.0,0.72459686,0.72459686,0.27540317
334,2024_12_BAL_LAC,BAL,391.0,4.0,0.32516113,59,16.0,30.0,35.0,24.0,177.0,214.0,177.0,10.0,0.0,0.0,8.0,3.0,0,0.0,0.0,0.0,6.0,0.5624828,0.43751717,0.5624828
335,2024_12_BAL_LAC,LAC,285.0,2.0,0.0075580715,60,22.0,30.0,20.0,40.0,218.0,83.0,218.0,0.0,1.0,0.0,5.0,2.0,0,0.0,0.0,0.0,15.0,0.44805202,0.44805202,0.55194795
336,2024_12_DAL_WAS,DAL,332.0,2.0,-0.055230647,61,20.0,27.0,28.0,33.0,247.0,91.0,247.0,15.0,1.0,1.0,2.0,0.0,0,0.0,0.0,0.0,8.0,0.48783267,0.51216733,0.48783267
337,2024_12_DAL_WAS,WAS,414.0,3.0,-0.029198589,67,26.0,34.0,26.0,41.0,275.0,145.0,275.0,0.0,2.0,1.0,4.0,0.0,0,2.0,0.0,0.0,10.0,0.5128829,0.5128829,0.48711714
338,2024_12_DEN_LV,DEN,325.0,2.0,0.03901947,65,19.0,26.0,22.0,43.0,273.0,63.0,273.0,0.0,0.0,0.0,6.0,0.0,0,0.0,0.0,0.0,17.0,0.59912884,0.40087113,0.59912884
339,2024_12_DEN_LV,LV,369.0,1.0,-0.21208236,73,19.0,29.0,16.0,57.0,328.0,69.0,328.0,7.0,1.0,1.0,4.0,2.0,0,1.0,0.0,0.0,20.0,0.38889462,0.38889462,0.6111054
340,2024_12_DET_IND,DET,391.0,3.0,0.15357555,71,6.0,24.0,32.0,39.0,269.0,138.0,269.0,17.0,1.0,0.0,9.0,0.0,0,0.0,0.0,0.0,10.0,0.77589905,0.22410093,0.77589905
341,2024_12_DET_IND,IND,270.0,0.0,-0.14250006,48,6.0,24.0,20.0,28.0,172.0,98.0,172.0,24.0,1.0,0.0,3.0,0.0,0,0.0,0.0,0.0,17.0,0.3296847,0.3296847,0.6703153
342,2024_12_KC_CAR,CAR,336.0,2.0,0.1930764,59,27.0,27.0,22.0,37.0,263.0,85.0,263.0,15.0,1.0,0.0,5.0,2.0,0,0.0,0.0,0.0,14.0,0.25735614,0.25735614,0.74264383
343,2024_12_KC_CAR,KC,391.0,3.0,0.2821685,68,27.0,27.0,26.0,42.0,269.0,165.0,269.0,29.0,1.0,0.0,8.0,1.0,0,0.0,0.0,0.0,10.0,0.72311074,0.27688923,0.72311074
344,2024_12_MIN_CHI,CHI,400.0,3.0,0.060280234,74,27.0,27.0,22.0,52.0,340.0,78.0,340.0,0.0,1.0,0.0,6.0,2.0,0,0.0,0.0,0.0,15.0,0.32810637,0.32810637,0.67189366
345,2024_12_MIN_CHI,MIN,452.0,3.0,0.07162828,65,27.0,27.0,27.0,38.0,344.0,124.0,344.0,0.0,1.0,1.0,6.0,0.0,0,0.0,0.0,0.0,12.0,0.6961388,0.30386117,0.6961388
346,2024_12_NE_MIA,MIA,375.0,5.0,0.0021696128,63,31.0,15.0,21.0,42.0,317.0,67.0,317.0,0.0,1.0,1.0,4.0,0.0,0,0.0,0.0,0.0,11.0,0.899815,0.899815,0.100185
347,2024_12_NE_MIA,NE,272.0,1.0,-0.19673142,63,34.0,15.0,20.0,43.0,222.0,87.0,222.0,5.0,1.0,1.0,3.0,1.0,0,1.0,0.0,0.0,15.0,0.12408963,0.8759104,0.12408963
348,2024_12_PHI_LA,LA,290.0,3.0,-0.018031947,60,20.0,37.0,18.0,42.0,243.0,92.0,243.0,0.0,4.0,1.0,0.0,3.0,0,0.0,0.0,0.0,12.0,0.25723487,0.25723487,0.7427651
349,2024_12_PHI_LA,PHI,483.0,4.0,0.34005025,66,14.0,36.0,43.0,23.0,179.0,316.0,179.0,0.0,0.0,0.0,9.0,0.0,0,0.0,0.0,0.0,7.0,0.6810673,0.3189327,0.6810673
350,2024_12_PIT_CLE,CLE,306.0,3.0,0.005225539,57,24.0,19.0,27.0,30.0,219.0,85.0,219.0,5.0,3.0,2.0,1.0,4.0,0,1.0,0.0,0.0,8.0,0.70758706,0.70758706,0.29241294
351,2024_12_PIT_CLE,PIT,368.0,2.0,-0.03671368,68,24.0,19.0,34.0,34.0,270.0,120.0,270.0,4.0,1.0,1.0,7.0,1.0,0,0.0,0.0,0.0,8.0,0.33023465,0.66976535,0.33023465
352,2024_12_SF_GB,GB,325.0,5.0,0.12520203,67,38.0,10.0,42.0,25.0,163.0,169.0,163.0,0.0,0.0,0.0,6.0,1.0,0,0.0,0.0,0.0,10.0,0.84763145,0.84763145,0.1523685
353,2024_12_SF_GB,SF,242.0,1.0,-0.4206652,46,38.0,10.0,15.0,31.0,199.0,45.0,199.0,0.0,4.0,2.0,3.0,0.0,0,1.0,0.0,0.0,11.0,0.11972859,0.88027143,0.11972859
354,2024_12_TB_NYG,NYG,246.0,1.0,-0.25262687,55,7.0,30.0,19.0,36.0,192.0,77.0,192.0,0.0,2.0,1.0,5.0,0.0,0,0.0,0.0,0.0,10.0,0.09465646,0.09465646,0.90534353
355,2024_12_TB_NYG,TB,451.0,4.0,0.262437,62,7.0,30.0,32.0,30.0,294.0,157.0,294.0,0.0,3.0,1.0,6.0,1.0,0,0.0,0.0,0.0,6.0,0.81023943,0.1897606,0.81023943
356,2024_12_TEN_HOU,HOU,260.0,2.0,-0.22699337,54,27.0,32.0,17.0,37.0,247.0,40.0,247.0,5.0,0.0,0.0,3.0,0.0,0,2.0,1.0,0.0,11.0,0.45331025,0.45331025,0.54668975
357,2024_12_TEN_HOU,TEN,371.0,4.0,-0.096369796,64,27.0,30.0,31.0,33.0,278.0,134.0,278.0,30.0,0.0,1.0,4.0,1.0,0,1.0,0.0,0.0,6.0,0.57991576,0.42008427,0.57991576
358,2024_13_ARI_MIN,ARI,406.0,1.0,0.036537856,76,23.0,22.0,31.0,45.0,260.0,154.0,260.0,15.0,1.0,0.0,5.0,0.0,0,2.0,0.0,0.0,11.0,0.5947506,0.4052494,0.5947506
359,2024_13_ARI_MIN,MIN,274.0,2.0,-0.0658264,50,22.0,22.0,14.0,36.0,235.0,69.0,235.0,0.0,2.0,1.0,1.0,1.0,0,0.0,0.0,0.0,10.0,0.41432595,0.41432595,0.58567405
360,2024_13_CHI_DET,CHI,301.0,3.0,-0.00925036,59,23.0,20.0,15.0,44.0,256.0,78.0,256.0,3.0,0.0,0.0,7.0,0.0,0,0.0,0.0,0.0,18.0,0.15287735,0.84712267,0.15287735
361,2024_13_CHI_DET,DET,405.0,2.0,0.07395306,69,23.0,20.0,33.0,36.0,221.0,194.0,221.0,60.0,1.0,1.0,5.0,1.0,0,0.0,0.0,0.0,13.0,0.80492604,0.80492604,0.19507398
362,2024_13_CLE_DEN,CLE,554.0,6.0,-0.06116876,85,41.0,32.0,23.0,62.0,497.0,77.0,497.0,0.0,0.0,0.0,9.0,2.0,0,3.0,0.0,0.0,21.0,0.33826703,0.661733,0.33826703
363,2024_13_CLE_DEN,DEN,402.0,3.0,0.06892107,59,31.0,32.0,24.0,35.0,294.0,108.0,294.0,6.0,0.0,0.0,6.0,0.0,0,2.0,0.0,0.0,15.0,0.6260009,0.6260009,0.3739991
364,2024_13_HOU_JAX,HOU,328.0,2.0,0.073345564,58,20.0,23.0,22.0,36.0,242.0,110.0,242.0,0.0,0.0,0.0,5.0,1.0,0,0.0,0.0,0.0,12.0,0.6843091,0.31569082,0.6843091
365,2024_13_HOU_JAX,JAX,375.0,2.0,0.08401991,69,20.0,23.0,25.0,44.0,276.0,97.0,276.0,0.0,0.0,0.0,5.0,2.0,0,1.0,0.0,0.0,17.0,0.2817011,0.2817011,0.71829885
366,2024_13_IND_NE,IND,256.0,3.0,0.09043193,58,24.0,25.0,34.0,24.0,109.0,145.0,109.0,0.0,1.0,0.0,5.0,3.0,0,2.0,0.0,0.0,10.0,0.38024488,0.61975515,0.38024488
367,2024_13_IND_NE,NE,424.0,2.0,0.1848483,66,24.0,25.0,31.0,35.0,238.0,200.0,238.0,0.0,2.0,0.0,6.0,0.0,0,1.0,0.0,0.0,5.0,0.5931864,0.5931864,0.40681365
368,2024_13_LAC_ATL,ATL,350.0,2.0,-0.23777068,77,13.0,17.0,37.0,40.0,245.0,116.0,245.0,5.0,1.0,0.0,3.0,2.0,0,4.0,0.0,0.0,11.0,0.52286863,0.52286863,0.4771314
369,2024_13_LAC_ATL,LAC,192.0,0.0,-0.28624597,44,13.0,17.0,14.0,30.0,150.0,59.0,150.0,0.0,2.0,1.0,3.0,0.0,0,0.0,0.0,0.0,7.0,0.53324306,0.46675694,0.53324306
370,2024_13_LA_NO,LA,325.0,3.0,0.1267827,53,14.0,21.0,27.0,26.0,183.0,159.0,183.0,0.0,0.0,0.0,4.0,1.0,0,0.0,0.0,0.0,10.0,0.48283523,0.51716477,0.48283523
371,2024_13_LA_NO,NO,329.0,1.0,-0.056736752,69,14.0,21.0,31.0,38.0,184.0,143.0,184.0,15.0,0.0,0.0,5.0,2.0,0,0.0,0.0,0.0,13.0,0.51061624,0.51061624,0.48938376
372,2024_13_LV_KC,KC,330.0,1.0,-0.043106176,65,19.0,17.0,15.0,50.0,306.0,64.0,296.0,0.0,0.0,0.0,7.0,0.0,0,0.0,0.0,0.0,19.0,0.6952877,0.6952877,0.30471227
373,2024_13_LV_KC,LV,434.0,2.0,0.078427605,62,19.0,17.0,25.0,37.0,340.0,116.0,340.0,0.0,0.0,1.0,3.0,0.0,0,0.0,0.0,0.0,11.0,0.3594398,0.6405602,0.3594398
374,2024_13_MIA_GB,GB,388.0,3.0,0.21100411,53,30.0,17.0,25.0,28.0,274.0,114.0,274.0,14.0,0.0,0.0,5.0,0.0,0,0.0,0.0,0.0,7.0,0.87796843,0.87796843,0.12203159
375,2024_13_MIA_GB,MIA,377.0,2.0,0.0849801,67,30.0,17.0,14.0,53.0,365.0,39.0,365.0,25.0,1.0,0.0,4.0,3.0,0,0.0,0.0,0.0,9.0,0.085562795,0.9144372,0.085562795
376,2024_13_NYG_DAL,DAL,320.0,2.0,-0.14145099,66,27.0,20.0,30.0,36.0,195.0,125.0,195.0,15.0,0.0,0.0,7.0,0.0,0,0.0,0.0,0.0,15.0,0.7267571,0.7267571,0.2732429
377,2024_13_NYG_DAL,NYG,247.0,3.0,-0.22846492,59,27.0,19.0,21.0,38.0,178.0,116.0,178.0,10.0,1.0,1.0,3.0,1.0,0,1.0,0.0,0.0,10.0,0.27370304,0.72629696,0.27370304
378,2024_13_PHI_BAL,BAL,372.0,2.0,-0.0017640624,71,18.0,24.0,32.0,39.0,237.0,166.0,237.0,10.0,1.0,0.0,6.0,1.0,0,0.0,0.0,0.0,13.0,0.5027912,0.5027912,0.49720877
379,2024_13_PHI_BAL,PHI,254.0,3.0,0.045060974,52,12.0,21.0,31.0,21.0,118.0,142.0,118.0,0.0,1.0,0.0,4.0,1.0,0,0.0,0.0,0.0,8.0,0.5396144,0.46038562,0.5396144
380,2024_13_PIT_CIN,CIN,375.0,5.0,-0.0004929451,57,37.0,44.0,15.0,42.0,309.0,93.0,309.0,0.0,2.0,2.0,4.0,0.0,0,1.0,0.0,0.0,9.0,0.36242452,0.36242452,0.63757545
381,2024_13_PIT_CIN,PIT,522.0,5.0,0.27613297,64,38.0,44.0,24.0,40.0,414.0,112.0,414.0,70.0,0.0,0.0,4.0,0.0,0,1.0,0.0,0.0,8.0,0.62438405,0.37561595,0.62438405
382,2024_13_SEA_NYJ,NYJ,261.0,3.0,-0.27016035,62,21.0,26.0,21.0,41.0,185.0,90.0,185.0,15.0,2.0,1.0,5.0,1.0,0,1.0,0.0,0.0,17.0,0.6599976,0.6599976,0.34000242
383,2024_13_SEA_NYJ,SEA,260.0,2.0,-0.015964406,56,21.0,25.0,22.0,34.0,206.0,85.0,206.0,5.0,1.0,0.0,4.0,1.0,0,0.0,0.0,0.0,11.0,0.33965644,0.6603436,0.33965644
384,2024_13_SF_BUF,BUF,375.0,5.0,0.3458037,53,35.0,10.0,35.0,18.0,152.0,223.0,145.0,0.0,0.0,0.0,6.0,1.0,0,0.0,0.0,0.0,4.0,0.8167144,0.8167144,0.18328564
385,2024_13_SF_BUF,SF,239.0,1.0,-0.24711014,46,35.0,10.0,27.0,19.0,94.0,153.0,94.0,0.0,1.0,2.0,3.0,1.0,0,0.0,0.0,0.0,6.0,0.22548561,0.7745144,0.22548561
386,2024_13_TB_CAR,CAR,367.0,2.0,0.0020904401,68,23.0,23.0,21.0,47.0,298.0,78.0,298.0,14.0,1.0,1.0,6.0,0.0,0,0.0,0.0,0.0,20.0,0.5447359,0.5447359,0.45526406
387,2024_13_TB_CAR,TB,447.0,2.0,-0.030901695,76,23.0,23.0,38.0,38.0,240.0,238.0,240.0,0.0,0.0,0.0,2.0,1.0,0,2.0,0.0,0.0,10.0,0.4835786,0.51642144,0.4835786
388,2024_13_TEN_WAS,TEN,245.0,2.0,-0.101549916,51,42.0,19.0,11.0,40.0,212.0,35.0,212.0,0.0,1.0,1.0,5.0,0.0,0,0.0,0.0,0.0,19.0,0.06965448,0.9303455,0.06965448
389,2024_13_TEN_WAS,WAS,464.0,6.0,0.29231444,76,42.0,19.0,44.0,32.0,206.0,268.0,206.0,20.0,1.0,0.0,9.0,1.0,0,1.0,0.0,0.0,4.0,0.94770825,0.94770825,0.052291725
390,2024_14_ATL_MIN,ATL,498.0,2.0,0.09990189,71,42.0,21.0,33.0,38.0,344.0,158.0,344.0,10.0,0.0,0.0,7.0,1.0,0,2.0,0.0,0.0,12.0,0.34320143,0.65679854,0.34320143
391,2024_14_ATL_MIN,MIN,436.0,6.0,0.45762786,53,41.0,21.0,21.0,32.0,347.0,118.0,347.0,0.0,0.0,0.0,8.0,0.0,0,0.0,0.0,0.0,6.0,0.69560164,0.69560164,0.3043984
392,2024_14_BUF_LA,BUF,445.0,6.0,0.44754335,54,44.0,41.0,17.0,37.0,342.0,103.0,342.0,30.0,0.0,0.0,5.0,0.0,0,0.0,0.0,0.0,15.0,0.18282793,0.8171721,0.18282793
393,2024_14_BUF_LA,LA,457.0,5.0,0.2856349,72,44.0,42.0,42.0,30.0,320.0,137.0,320.0,10.0,0.0,0.0,11.0,1.0,0,0.0,0.0,0.0,7.0,0.76915807,0.76915807,0.23084198
394,2024_14_CAR_PHI,CAR,303.0,2.0,0.019042954,68,22.0,16.0,33.0,35.0,191.0,119.0,191.0,27.0,0.0,0.0,7.0,3.0,0,1.0,0.0,0.0,14.0,0.35583988,0.6441601,0.35583988
395,2024_14_CAR_PHI,PHI,295.0,3.0,0.1423801,56,22.0,16.0,31.0,25.0,108.0,210.0,108.0,10.0,1.0,0.0,7.0,0.0,0,0.0,0.0,0.0,7.0,0.6639848,0.6639848,0.33601522
396,2024_14_CHI_SF,CHI,162.0,2.0,-0.15471043,53,38.0,13.0,21.0,32.0,140.0,68.0,140.0,0.0,0.0,1.0,4.0,0.0,0,0.0,0.0,0.0,6.0,0.06879835,0.93120164,0.06879835
397,2024_14_CHI_SF,SF,453.0,5.0,0.40700737,60,38.0,13.0,33.0,27.0,325.0,132.0,325.0,25.0,0.0,0.0,6.0,2.0,0,1.0,0.0,0.0,5.0,0.8936701,0.8936701,0.106329925
398,2024_14_CIN_DAL,CIN,435.0,3.0,0.15660043,63,20.0,26.0,17.0,46.0,369.0,76.0,369.0,10.0,1.0,0.0,4.0,0.0,0,1.0,0.0,0.0,10.0,0.45952666,0.54047334,0.45952666
399,2024_14_CIN_DAL,DAL,322.0,2.0,-0.016483458,59,20.0,27.0,25.0,34.0,183.0,156.0,183.0,15.0,0.0,0.0,4.0,1.0,0,1.0,0.0,0.0,14.0,0.519033,0.519033,0.48096696
400,2024_14_CLE_PIT,CLE,300.0,2.0,-0.16220862,69,27.0,14.0,25.0,44.0,212.0,104.0,212.0,30.0,0.0,0.0,2.0,3.0,0,2.0,0.0,0.0,15.0,0.26671603,0.73328394,0.26671603
401,2024_14_CLE_PIT,PIT,269.0,3.0,-0.1054269,60,27.0,14.0,33.0,27.0,158.0,122.0,158.0,11.0,1.0,1.0,6.0,0.0,0,0.0,0.0,0.0,11.0,0.72709566,0.72709566,0.27290434
402,2024_14_GB_DET,DET,391.0,4.0,0.061294172,76,31.0,31.0,34.0,42.0,283.0,111.0,283.0,15.0,0.0,0.0,7.0,4.0,0,1.0,0.0,0.0,8.0,0.6325199,0.6325199,0.36748013
403,2024_14_GB_DET,GB,299.0,4.0,0.13187832,44,31.0,28.0,23.0,21.0,206.0,100.0,206.0,0.0,1.0,1.0,1.0,0.0,0,0.0,0.0,0.0,8.0,0.34713176,0.6528682,0.34713176
404,2024_14_JAX_TEN,JAX,293.0,1.0,0.030804979,57,6.0,10.0,25.0,32.0,220.0,73.0,220.0,0.0,0.0,0.0,6.0,1.0,0,2.0,0.0,0.0,6.0,0.408222,0.591778,0.408222
405,2024_14_JAX_TEN,TEN,272.0,0.0,-0.1586242,62,6.0,10.0,28.0,34.0,168.0,126.0,168.0,0.0,1.0,0.0,8.0,0.0,0,0.0,0.0,0.0,13.0,0.617725,0.617725,0.382275
406,2024_14_LAC_KC,KC,300.0,1.0,0.016504891,63,16.0,17.0,23.0,40.0,210.0,98.0,210.0,15.0,0.0,0.0,8.0,0.0,0,0.0,0.0,0.0,13.0,0.65228397,0.65228397,0.34771603
407,2024_14_LAC_KC,LAC,288.0,2.0,0.08677345,57,16.0,14.0,24.0,33.0,213.0,94.0,213.0,20.0,0.0,0.0,6.0,1.0,0,0.0,0.0,0.0,9.0,0.32314226,0.6768577,0.32314226
408,2024_14_LV_TB,LV,287.0,1.0,-0.1482394,63,28.0,13.0,24.0,39.0,205.0,92.0,205.0,0.0,0.0,1.0,4.0,3.0,0,1.0,0.0,0.0,13.0,0.22826819,0.77173185,0.22826819
409,2024_14_LV_TB,TB,420.0,4.0,0.124079734,59,27.0,13.0,26.0,33.0,295.0,152.0,295.0,0.0,1.0,1.0,5.0,1.0,0,2.0,0.0,0.0,9.0,0.752311,0.752311,0.24768901
410,2024_14_NO_NYG,NO,293.0,2.0,-0.08197251,65,11.0,14.0,32.0,33.0,219.0,93.0,219.0,0.0,2.0,0.0,5.0,0.0,0,1.0,0.0,0.0,10.0,0.6280308,0.3719692,0.6280308
411,2024_14_NO_NYG,NYG,327.0,1.0,-0.13311093,74,11.0,14.0,23.0,51.0,227.0,112.0,227.0,15.0,0.0,0.0,5.0,2.0,0,1.0,0.0,0.0,26.0,0.34210178,0.34210178,0.6578982
412,2024_14_NYJ_MIA,MIA,377.0,3.0,0.23211588,66,32.0,26.0,19.0,47.0,331.0,44.0,331.0,30.0,0.0,0.0,1.0,2.0,0,0.0,0.0,0.0,13.0,0.5251071,0.5251071,0.47489297
413,2024_14_NYJ_MIA,NYJ,402.0,2.0,0.23245469,63,26.0,26.0,21.0,42.0,339.0,83.0,339.0,0.0,0.0,0.0,4.0,2.0,0,0.0,0.0,0.0,12.0,0.546876,0.45312396,0.546876
414,2024_14_SEA_ARI,ARI,359.0,2.0,-0.06725611,63,18.0,30.0,23.0,40.0,259.0,122.0,259.0,0.0,1.0,0.0,4.0,1.0,0,2.0,0.0,0.0,11.0,0.21181872,0.21181872,0.7881813
415,2024_14_SEA_ARI,SEA,409.0,3.0,0.1552594,61,18.0,27.0,31.0,30.0,233.0,176.0,233.0,12.0,0.0,0.0,7.0,0.0,0,0.0,0.0,0.0,6.0,0.7611835,0.2388165,0.7611835
416,2024_15_ATL_LV,ATL,261.0,1.0,-0.20984076,57,9.0,15.0,37.0,20.0,112.0,168.0,112.0,0.0,0.0,0.0,4.0,0.0,0,1.0,0.0,0.0,5.0,0.7819308,0.2180692,0.7819308
417,2024_15_ATL_LV,LV,249.0,1.0,-0.26475048,64,9.0,15.0,22.0,42.0,208.0,65.0,208.0,0.0,1.0,1.0,4.0,2.0,0,2.0,1.0,0.0,13.0,0.26519996,0.26519996,0.73480004
418,2024_15_BAL_NYG,BAL,446.0,5.0,0.44326374,58,14.0,35.0,30.0,28.0,290.0,171.0,290.0,0.0,1.0,1.0,9.0,0.0,0,0.0,0.0,0.0,4.0,0.8004671,0.19953294,0.8004671
419,2024_15_BAL_NYG,NYG,237.0,2.0,-0.22819634,59,14.0,35.0,19.0,40.0,191.0,56.0,191.0,0.0,0.0,0.0,2.0,3.0,0,1.0,0.0,0.0,14.0,0.18697867,0.18697867,0.8130213
420,2024_15_BUF_DET,BUF,560.0,6.0,0.4799142,67,35.0,45.0,33.0,34.0,362.0,198.0,362.0,17.0,0.0,0.0,5.0,1.0,0,0.0,0.0,0.0,11.0,0.8284321,0.17156798,0.8284321
421,2024_15_BUF_DET,DET,521.0,6.0,0.25771725,75,41.0,48.0,15.0,60.0,494.0,48.0,473.0,15.0,2.0,1.0,6.0,3.0,0,0.0,0.0,0.0,19.0,0.13859193,0.13859193,0.86140805
422,2024_15_CHI_MIN,CHI,285.0,1.0,-0.21018052,63,30.0,12.0,28.0,35.0,196.0,114.0,196.0,0.0,1.0,1.0,1.0,1.0,0,0.0,0.0,0.0,13.0,0.1565481,0.8434519,0.1565481
423,2024_15_CHI_MIN,MIN,329.0,3.0,0.032160908,71,27.0,12.0,29.0,42.0,231.0,114.0,231.0,0.0,0.0,0.0,7.0,0.0,0,1.0,0.0,0.0,15.0,0.894759,0.894759,0.10524097
424,2024_15_CIN_TEN,CIN,370.0,4.0,0.19490406,63,21.0,37.0,26.0,37.0,271.0,101.0,271.0,15.0,1.0,1.0,10.0,0.0,0,2.0,0.0,0.0,8.0,0.6290761,0.37092388,0.6290761
425,2024_15_CIN_TEN,TEN,374.0,5.0,-0.115343705,64,27.0,37.0,26.0,38.0,298.0,83.0,298.0,15.0,2.0,2.0,5.0,0.0,0,4.0,0.0,0.0,4.0,0.31514123,0.31514123,0.6848588
426,2024_15_DAL_CAR,CAR,235.0,2.0,-0.32890248,50,14.0,30.0,16.0,34.0,219.0,60.0,219.0,0.0,2.0,2.0,3.0,1.0,0,2.0,0.0,0.0,7.0,0.29314622,0.29314622,0.7068538
427,2024_15_DAL_CAR,DAL,411.0,3.0,0.20379834,68,14.0,30.0,39.0,29.0,214.0,212.0,214.0,25.0,0.0,1.0,6.0,0.0,0,0.0,0.0,0.0,10.0,0.75427884,0.24572115,0.75427884
428,2024_15_GB_SEA,GB,369.0,3.0,0.06743098,61,13.0,30.0,34.0,27.0,229.0,140.0,229.0,15.0,1.0,1.0,5.0,0.0,0,0.0,0.0,0.0,7.0,0.8336281,0.1663719,0.8336281
429,2024_15_GB_SEA,SEA,208.0,1.0,-0.3394068,56,13.0,30.0,16.0,40.0,173.0,80.0,173.0,5.0,0.0,0.0,4.0,0.0,0,2.0,0.0,0.0,11.0,0.1369922,0.1369922,0.86300784
430,2024_15_IND_DEN,DEN,196.0,3.0,-0.3143749,58,31.0,13.0,24.0,34.0,130.0,75.0,130.0,0.0,0.0,0.0,6.0,0.0,0,3.0,0.0,0.0,10.0,0.49143168,0.49143168,0.5085683
431,2024_15_IND_DEN,IND,310.0,2.0,-0.45204005,72,31.0,13.0,32.0,40.0,172.0,149.0,172.0,40.0,2.0,3.0,4.0,2.0,0,2.0,0.0,0.0,19.0,0.46462467,0.5353753,0.46462467
432,2024_15_KC_CLE,CLE,267.0,1.0,-0.5222387,59,7.0,21.0,20.0,39.0,164.0,140.0,164.0,30.0,2.0,1.0,4.0,0.0,0,4.0,0.0,0.0,10.0,0.18424399,0.18424399,0.815756
433,2024_15_KC_CLE,KC,313.0,3.0,-0.07742546,73,7.0,21.0,33.0,40.0,179.0,134.0,179.0,0.0,0.0,0.0,7.0,0.0,0,0.0,0.0,0.0,19.0,0.8303818,0.16961817,0.8303818
434,2024_15_LA_SF,LA,302.0,0.0,-0.095589206,65,6.0,9.0,38.0,27.0,160.0,142.0,160.0,20.0,0.0,0.0,4.0,1.0,0,0.0,0.0,0.0,11.0,0.5267175,0.4732825,0.5267175
435,2024_15_LA_SF,SF,191.0,0.0,-0.2849397,53,6.0,12.0,19.0,34.0,142.0,63.0,142.0,0.0,0.0,0.0,3.0,0.0,0,1.0,0.0,0.0,16.0,0.5663446,0.5663446,0.4336554
436,2024_15_MIA_HOU,HOU,183.0,2.0,-0.19561203,47,20.0,12.0,17.0,30.0,131.0,79.0,131.0,5.0,1.0,1.0,5.0,1.0,0,0.0,0.0,0.0,8.0,0.79610986,0.79610986,0.20389012
437,2024_15_MIA_HOU,MIA,224.0,1.0,-0.21669346,62,20.0,12.0,19.0,43.0,196.0,52.0,196.0,25.0,2.0,1.0,4.0,2.0,0,3.0,0.0,0.0,8.0,0.2647644,0.73523563,0.2647644
438,2024_15_NE_ARI,ARI,396.0,3.0,0.1836013,63,30.0,17.0,31.0,32.0,232.0,164.0,232.0,0.0,1.0,0.0,10.0,0.0,0,0.0,0.0,0.0,7.0,0.8808077,0.8808077,0.11919227
439,2024_15_NE_ARI,NE,311.0,2.0,0.04462263,49,30.0,16.0,24.0,25.0,202.0,116.0,202.0,0.0,1.0,0.0,0.0,1.0,0,1.0,0.0,0.0,3.0,0.16409014,0.83590984,0.16409014
440,2024_15_NYJ_JAX,JAX,421.0,2.0,0.11953012,78,25.0,32.0,29.0,49.0,294.0,136.0,294.0,15.0,1.0,0.0,8.0,0.0,0,2.0,0.0,0.0,13.0,0.5946371,0.5946371,0.40536287
441,2024_15_NYJ_JAX,NYJ,402.0,4.0,0.3974984,54,25.0,31.0,22.0,32.0,289.0,125.0,289.0,15.0,0.0,0.0,4.0,1.0,0,0.0,0.0,0.0,14.0,0.39888492,0.60111505,0.39888492
442,2024_15_PIT_PHI,PHI,402.0,3.0,0.19869709,74,27.0,13.0,39.0,35.0,290.0,132.0,290.0,0.0,1.0,1.0,10.0,1.0,0,0.0,0.0,0.0,7.0,0.8277919,0.8277919,0.17220807
443,2024_15_PIT_PHI,PIT,163.0,1.0,-0.27781707,41,27.0,13.0,17.0,24.0,128.0,56.0,128.0,45.0,1.0,1.0,3.0,0.0,0,0.0,0.0,0.0,8.0,0.23608622,0.7639138,0.23608622
444,2024_15_TB_LAC,LAC,206.0,2.0,-0.37157097,48,17.0,40.0,11.0,37.0,199.0,32.0,199.0,0.0,1.0,1.0,0.0,0.0,0,1.0,0.0,0.0,11.0,0.41882554,0.41882554,0.58117443
445,2024_15_TB_LAC,TB,506.0,4.0,0.22441281,67,17.0,40.0,39.0,28.0,288.0,223.0,288.0,20.0,1.0,1.0,9.0,1.0,0,1.0,0.0,0.0,4.0,0.62283254,0.37716746,0.62283254
446,2024_15_WAS_NO,NO,245.0,2.0,-0.08749075,51,19.0,20.0,16.0,35.0,205.0,69.0,205.0,15.0,0.0,0.0,3.0,1.0,0,1.0,0.0,0.0,15.0,0.18781106,0.18781106,0.8121889
447,2024_15_WAS_NO,WAS,326.0,2.0,0.071632616,74,13.0,20.0,35.0,39.0,226.0,137.0,226.0,10.0,1.0,0.0,9.0,1.0,0,0.0,0.0,0.0,6.0,0.81348675,0.18651323,0.81348675
448,2024_16_ARI_CAR,ARI,382.0,3.0,0.16333865,64,30.0,30.0,29.0,35.0,202.0,206.0,202.0,15.0,0.0,1.0,6.0,1.0,0,1.0,0.0,0.0,11.0,0.25321522,0.74678475,0.25321522
449,2024_16_ARI_CAR,CAR,393.0,5.0,0.24643245,64,36.0,30.0,35.0,29.0,158.0,244.0,158.0,0.0,0.0,0.0,6.0,2.0,0,0.0,0.0,0.0,9.0,0.74040926,0.74040926,0.25959074
450,2024_16_CLE_CIN,CIN,327.0,3.0,0.11405102,55,23.0,6.0,21.0,34.0,252.0,117.0,252.0,4.0,1.0,1.0,4.0,0.0,0,0.0,0.0,0.0,7.0,0.86266667,0.86266667,0.1373333
451,2024_16_CLE_CIN,CLE,273.0,1.0,-0.28035995,63,24.0,6.0,24.0,39.0,157.0,148.0,157.0,32.0,2.0,1.0,3.0,1.0,0,2.0,0.0,0.0,12.0,0.1453663,0.8546337,0.1453663
452,2024_16_DEN_LAC,DEN,355.0,3.0,0.19349574,63,34.0,24.0,21.0,42.0,263.0,110.0,263.0,3.0,0.0,0.0,5.0,2.0,0,0.0,0.0,0.0,11.0,0.56990826,0.4300917,0.56990826
453,2024_16_DEN_LAC,LAC,399.0,4.0,0.21883564,60,34.0,27.0,26.0,34.0,284.0,134.0,284.0,6.0,1.0,0.0,6.0,0.0,0,1.0,0.0,0.0,7.0,0.42212805,0.42212805,0.577872
454,2024_16_DET_CHI,CHI,382.0,2.0,0.014175738,59,17.0,34.0,17.0,42.0,334.0,59.0,334.0,25.0,1.0,2.0,2.0,3.0,0,0.0,0.0,0.0,14.0,0.113588706,0.113588706,0.8864113
455,2024_16_DET_CHI,DET,476.0,4.0,0.32327142,64,17.0,34.0,31.0,33.0,336.0,147.0,336.0,30.0,0.0,0.0,7.0,0.0,0,0.0,0.0,0.0,9.0,0.8577314,0.14226858,0.8577314
456,2024_16_HOU_KC,HOU,311.0,2.0,0.092388146,58,27.0,19.0,17.0,41.0,244.0,84.0,244.0,0.0,1.0,0.0,7.0,0.0,0,2.0,0.0,0.0,14.0,0.30365178,0.69634825,0.30365178
457,2024_16_HOU_KC,KC,377.0,3.0,0.14929715,68,27.0,19.0,26.0,42.0,260.0,126.0,260.0,0.0,0.0,0.0,7.0,1.0,0,0.0,0.0,0.0,13.0,0.7231692,0.7231692,0.27683082
458,2024_16_JAX_LV,JAX,308.0,2.0,-0.21165922,61,19.0,14.0,21.0,40.0,247.0,72.0,247.0,0.0,2.0,2.0,6.0,1.0,0,0.0,0.0,0.0,14.0,0.32356012,0.6764399,0.32356012
459,2024_16_JAX_LV,LV,323.0,2.0,-0.072478935,65,19.0,14.0,24.0,41.0,257.0,78.0,257.0,0.0,0.0,0.0,4.0,0.0,0,0.0,0.0,0.0,14.0,0.6977033,0.6977033,0.30229667
460,2024_16_LA_NYJ,LA,246.0,2.0,0.10739189,47,9.0,19.0,28.0,19.0,110.0,136.0,110.0,25.0,0.0,0.0,5.0,0.0,0,1.0,0.0,0.0,4.0,0.50396687,0.49603316,0.50396687
461,2024_16_LA_NYJ,NYJ,321.0,1.0,-0.03264758,63,9.0,19.0,20.0,43.0,256.0,75.0,256.0,0.0,1.0,1.0,5.0,2.0,0,0.0,0.0,0.0,14.0,0.5506125,0.5506125,0.44938752
462,2024_16_MIN_SEA,MIN,301.0,3.0,0.09505266,59,24.0,27.0,21.0,38.0,246.0,84.0,246.0,15.0,1.0,0.0,3.0,1.0,0,0.0,0.0,0.0,13.0,0.5782054,0.42179456,0.5782054
463,2024_16_MIN_SEA,SEA,361.0,3.0,0.038190927,60,24.0,27.0,15.0,45.0,314.0,59.0,314.0,15.0,0.0,0.0,2.0,1.0,0,2.0,0.0,0.0,10.0,0.42628852,0.42628852,0.5737115
464,2024_16_NE_BUF,BUF,324.0,2.0,0.034190916,58,24.0,21.0,28.0,30.0,154.0,172.0,154.0,10.0,2.0,0.0,4.0,1.0,0,1.0,0.0,0.0,12.0,0.5650681,0.5650681,0.43493184
465,2024_16_NE_BUF,NE,379.0,4.0,-0.025196044,68,24.0,20.0,30.0,38.0,261.0,126.0,260.0,8.0,2.0,2.0,7.0,2.0,0,1.0,0.0,0.0,13.0,0.46259546,0.53740454,0.46259546
466,2024_16_NO_GB,GB,406.0,4.0,0.26393583,67,33.0,0.0,37.0,30.0,216.0,190.0,216.0,0.0,0.0,0.0,6.0,3.0,0,0.0,0.0,0.0,13.0,0.8694113,0.8694113,0.13058873
467,2024_16_NO_GB,NO,196.0,0.0,-0.34946585,53,34.0,0.0,20.0,33.0,153.0,67.0,153.0,20.0,2.0,1.0,4.0,0.0,0,1.0,0.0,0.0,14.0,0.06956699,0.93043303,0.06956699
468,2024_16_NYG_ATL,ATL,332.0,2.0,0.07985301,63,34.0,7.0,36.0,27.0,202.0,130.0,202.0,15.0,0.0,0.0,8.0,0.0,0,1.0,0.0,0.0,8.0,0.78399307,0.78399307,0.21600696
469,2024_16_NYG_ATL,NYG,234.0,3.0,-0.42913857,55,34.0,7.0,13.0,42.0,210.0,45.0,210.0,0.0,1.0,1.0,3.0,0.0,0,2.0,0.0,0.0,15.0,0.294197,0.70580304,0.294197
470,2024_16_PHI_WAS,PHI,338.0,3.0,0.026244055,71,28.0,30.0,39.0,32.0,154.0,211.0,154.0,30.0,1.0,0.0,3.0,3.0,0,1.0,0.0,0.0,12.0,0.7345858,0.26541415,0.7345858
471,2024_16_PHI_WAS,WAS,370.0,5.0,-0.06638438,64,36.0,33.0,25.0,39.0,258.0,113.0,258.0,30.0,3.0,3.0,7.0,2.0,0,2.0,0.0,0.0,12.0,0.25647128,0.25647128,0.7435287
472,2024_16_PIT_BAL,BAL,421.0,3.0,0.17810178,59,31.0,17.0,35.0,24.0,207.0,223.0,207.0,20.0,1.0,0.0,4.0,0.0,0,1.0,0.0,0.0,7.0,0.7227756,0.7227756,0.27722436
473,2024_16_PIT_BAL,PIT,315.0,3.0,-0.17896076,59,34.0,17.0,24.0,35.0,217.0,117.0,217.0,0.0,2.0,1.0,4.0,0.0,0,1.0,0.0,0.0,9.0,0.25711724,0.7428827,0.25711724
474,2024_16_SF_MIA,MIA,382.0,2.0,0.1649427,63,28.0,17.0,29.0,34.0,215.0,167.0,215.0,55.0,0.0,0.0,4.0,0.0,0,0.0,0.0,0.0,12.0,0.7041445,0.7041445,0.29585555
475,2024_16_SF_MIA,SF,374.0,2.0,0.06002082,59,29.0,17.0,18.0,41.0,313.0,81.0,313.0,10.0,0.0,0.0,5.0,0.0,0,1.0,0.0,0.0,11.0,0.31329903,0.686701,0.31329903
476,2024_16_TB_DAL,DAL,321.0,2.0,0.013397131,53,26.0,24.0,17.0,36.0,292.0,35.0,292.0,0.0,0.0,0.0,5.0,0.0,0,0.0,0.0,0.0,9.0,0.76261944,0.76261944,0.23738052
477,2024_16_TB_DAL,TB,410.0,3.0,0.08336109,70,26.0,24.0,23.0,47.0,303.0,134.0,303.0,0.0,3.0,1.0,6.0,0.0,0,1.0,0.0,0.0,11.0,0.20684583,0.7931541,0.20684583
478,2024_16_TEN_IND,IND,458.0,5.0,0.21821912,62,38.0,30.0,50.0,12.0,131.0,335.0,131.0,15.0,0.0,0.0,8.0,1.0,0,1.0,0.0,0.0,3.0,0.79487044,0.79487044,0.20512953
479,2024_16_TEN_IND,TEN,312.0,4.0,0.0722131,58,38.0,30.0,22.0,36.0,252.0,66.0,252.0,16.0,0.0,0.0,5.0,0.0,0,3.0,0.0,0.0,8.0,0.2144154,0.7855846,0.2144154
480,2024_17_ARI_LA,ARI,396.0,1.0,-0.009136651,74,13.0,9.0,22.0,52.0,321.0,113.0,321.0,10.0,0.0,0.0,6.0,0.0,0,2.0,0.0,0.0,13.0,0.39351523,0.6064848,0.39351523
481,2024_17_ARI_LA,LA,258.0,1.0,-0.030910853,53,13.0,9.0,21.0,32.0,189.0,69.0,189.0,10.0,0.0,0.0,6.0,0.0,0,0.0,0.0,0.0,15.0,0.6716003,0.6716003,0.32839978
482,2024_17_ATL_WAS,ATL,337.0,3.0,0.06587515,60,24.0,24.0,23.0,37.0,223.0,126.0,223.0,0.0,2.0,0.0,2.0,2.0,0,1.0,0.0,0.0,15.0,0.42116734,0.5788326,0.42116734
483,2024_17_ATL_WAS,WAS,413.0,4.0,0.22150348,76,30.0,24.0,35.0,41.0,227.0,217.0,227.0,5.0,0.0,0.0,6.0,3.0,0,1.0,0.0,0.0,11.0,0.5768937,0.5768937,0.42310628
484,2024_17_BAL_HOU,BAL,432.0,4.0,0.3110872,61,2.0,31.0,43.0,18.0,184.0,251.0,184.0,15.0,0.0,0.0,4.0,0.0,0,0.0,1.0,0.0,6.0,0.84281546,0.15718453,0.84281546
485,2024_17_BAL_HOU,HOU,211.0,0.0,-0.41480404,54,2.0,31.0,17.0,37.0,190.0,58.0,190.0,0.0,1.0,0.0,4.0,0.0,0,1.0,0.0,0.0,13.0,0.1773409,0.1773409,0.8226591
486,2024_17_CAR_TB,CAR,204.0,2.0,-0.102824785,46,48.0,14.0,13.0,33.0,203.0,39.0,203.0,15.0,1.0,0.0,2.0,0.0,0,0.0,0.0,0.0,13.0,0.12765244,0.87234753,0.12765244
487,2024_17_CAR_TB,TB,553.0,5.0,0.4543896,71,48.0,14.0,37.0,34.0,359.0,204.0,359.0,15.0,0.0,0.0,10.0,0.0,0,0.0,0.0,0.0,5.0,0.82907295,0.82907295,0.17092706
488,2024_17_DAL_PHI,DAL,268.0,2.0,-0.3040438,60,41.0,7.0,30.0,30.0,148.0,127.0,148.0,15.0,2.0,2.0,6.0,0.0,0,2.0,0.0,0.0,11.0,0.19545609,0.8045439,0.19545609
489,2024_17_DAL_PHI,PHI,378.0,4.0,0.27142537,59,41.0,7.0,40.0,19.0,197.0,181.0,197.0,0.0,0.0,0.0,6.0,1.0,0,0.0,0.0,0.0,6.0,0.8616322,0.8616322,0.1383678
490,2024_17_DEN_CIN,CIN,500.0,4.0,0.14198117,83,30.0,24.0,27.0,56.0,412.0,116.0,412.0,5.0,1.0,1.0,7.0,1.0,0,0.0,0.0,0.0,10.0,0.6082616,0.6082616,0.39173844
491,2024_17_DEN_CIN,DEN,329.0,3.0,0.17167535,60,24.0,24.0,27.0,33.0,219.0,123.0,219.0,0.0,2.0,0.0,4.0,1.0,0,1.0,0.0,0.0,6.0,0.34297025,0.65702975,0.34297025
492,2024_17_DET_SF,DET,444.0,5.0,0.3857043,67,28.0,40.0,30.0,37.0,303.0,155.0,262.0,0.0,0.0,0.0,9.0,2.0,0,0.0,0.0,0.0,8.0,0.41528657,0.58471346,0.41528657
493,2024_17_DET_SF,SF,475.0,5.0,0.34407547,59,34.0,40.0,18.0,41.0,412.0,75.0,412.0,15.0,1.0,0.0,5.0,1.0,0,2.0,0.0,0.0,7.0,0.49151406,0.49151406,0.508486
494,2024_17_GB_MIN,GB,273.0,3.0,-0.02951518,58,27.0,24.0,24.0,34.0,185.0,104.0,185.0,10.0,1.0,1.0,8.0,0.0,0,0.0,0.0,0.0,11.0,0.22023062,0.77976936,0.22023062
495,2024_17_GB_MIN,MIN,444.0,3.0,0.09248546,67,27.0,25.0,23.0,44.0,377.0,72.0,377.0,0.0,1.0,0.0,6.0,0.0,0,1.0,0.0,0.0,9.0,0.7975529,0.7975529,0.20244712
496,2024_17_IND_NYG,IND,446.0,4.0,0.04343918,74,45.0,33.0,33.0,41.0,330.0,126.0,330.0,0.0,1.0,1.0,7.0,1.0,0,2.0,0.0,0.0,10.0,0.24691264,0.7530874,0.24691264
497,2024_17_IND_NYG,NYG,394.0,5.0,0.37680358,49,42.0,33.0,26.0,23.0,309.0,85.0,309.0,5.0,1.0,0.0,7.0,0.0,0,0.0,0.0,0.0,6.0,0.78889775,0.78889775,0.21110222
498,2024_17_KC_PIT,KC,389.0,4.0,0.3150307,59,10.0,29.0,20.0,39.0,320.0,69.0,320.0,40.0,0.0,0.0,3.0,1.0,0,0.0,0.0,0.0,9.0,0.7945734,0.20542656,0.7945734
499,2024_17_KC_PIT,PIT,364.0,1.0,-0.11093377,73,10.0,29.0,31.0,42.0,205.0,202.0,205.0,15.0,2.0,1.0,8.0,0.0,0,1.0,0.0,0.0,13.0,0.18725961,0.18725961,0.8127404
500,2024_17_LAC_NE,LAC,428.0,4.0,0.29110253,77,7.0,37.0,37.0,40.0,281.0,147.0,281.0,15.0,0.0,0.0,10.0,2.0,0,0.0,0.0,0.0,14.0,0.78496444,0.21503557,0.78496444
501,2024_17_LAC_NE,NE,181.0,1.0,-0.55185014,48,7.0,40.0,20.0,28.0,115.0,96.0,115.0,15.0,0.0,1.0,2.0,0.0,0,0.0,0.0,0.0,11.0,0.11602516,0.11602516,0.88397485
502,2024_17_LV_NO,LV,390.0,2.0,0.10238877,72,10.0,25.0,36.0,36.0,242.0,158.0,242.0,0.0,0.0,0.0,10.0,0.0,0,0.0,0.0,0.0,15.0,0.64477164,0.3552284,0.64477164
503,2024_17_LV_NO,NO,269.0,1.0,-0.28024948,53,10.0,25.0,13.0,40.0,218.0,81.0,218.0,23.0,2.0,0.0,1.0,1.0,0,2.0,0.0,0.0,14.0,0.3098254,0.3098254,0.6901746
504,2024_17_MIA_CLE,CLE,276.0,0.0,-0.36496925,76,3.0,20.0,28.0,48.0,170.0,114.0,170.0,61.0,1.0,1.0,7.0,0.0,0,1.0,0.0,0.0,22.0,0.33027232,0.33027232,0.6697277
505,2024_17_MIA_CLE,MIA,281.0,2.0,-0.09800093,55,3.0,19.0,26.0,29.0,225.0,75.0,225.0,30.0,0.0,0.0,2.0,0.0,0,0.0,0.0,0.0,3.0,0.6559369,0.34406307,0.6559369
506,2024_17_NYJ_BUF,BUF,349.0,5.0,0.16659985,60,40.0,14.0,32.0,28.0,251.0,98.0,251.0,33.0,0.0,0.0,8.0,0.0,0,0.0,0.0,0.0,11.0,0.82311016,0.82311016,0.17688985
507,2024_17_NYJ_BUF,NYJ,283.0,2.0,-0.20912927,59,40.0,14.0,21.0,38.0,195.0,112.0,195.0,15.0,1.0,1.0,4.0,0.0,0,2.0,1.0,0.0,7.0,0.12973575,0.8702643,0.12973575
508,2024_17_SEA_CHI,CHI,179.0,0.0,-0.208509,58,3.0,6.0,23.0,35.0,122.0,103.0,122.0,0.0,0.0,0.0,5.0,1.0,0,1.0,0.0,0.0,11.0,0.4532597,0.4532597,0.5467403
509,2024_17_SEA_CHI,SEA,266.0,0.0,-0.17081621,50,3.0,6.0,24.0,26.0,160.0,123.0,160.0,15.0,3.0,1.0,5.0,0.0,0,0.0,0.0,0.0,6.0,0.5643883,0.43561172,0.5643883
510,2024_17_TEN_JAX,JAX,296.0,2.0,0.15334083,56,20.0,13.0,32.0,24.0,174.0,123.0,174.0,13.0,0.0,0.0,8.0,0.0,0,0.0,0.0,0.0,7.0,0.74615717,0.74615717,0.25384286
511,2024_17_TEN_JAX,TEN,337.0,1.0,0.037288122,64,20.0,13.0,30.0,34.0,193.0,159.0,193.0,0.0,1.0,0.0,7.0,1.0,0,1.0,0.0,0.0,11.0,0.2250503,0.77494967,0.2250503
512,2024_18_BUF_NE,BUF,259.0,2.0,-0.06714683,65,23.0,16.0,33.0,32.0,129.0,130.0,129.0,24.0,0.0,0.0,6.0,1.0,0,0.0,0.0,0.0,14.0,0.34908694,0.65091306,0.34908694
513,2024_18_BUF_NE,NE,312.0,2.0,0.033465397,58,20.0,16.0,27.0,31.0,241.0,80.0,241.0,15.0,0.0,1.0,4.0,1.0,0,0.0,0.0,0.0,8.0,0.65186197,0.65186197,0.34813803
514,2024_18_CAR_ATL,ATL,537.0,5.0,0.29230842,77,38.0,38.0,38.0,39.0,312.0,227.0,312.0,15.0,0.0,0.0,9.0,2.0,0,1.0,0.0,0.0,16.0,0.45493412,0.45493412,0.5450659
515,2024_18_CAR_ATL,CAR,426.0,6.0,0.41231427,64,38.0,44.0,29.0,35.0,270.0,156.0,270.0,0.0,1.0,0.0,7.0,1.0,0,0.0,0.0,0.0,9.0,0.55310863,0.4468914,0.55310863
516,2024_18_CHI_GB,CHI,224.0,2.0,-0.17034982,56,22.0,21.0,26.0,30.0,148.0,83.0,148.0,0.0,2.0,1.0,7.0,1.0,0,1.0,0.0,0.0,7.0,0.6298577,0.37014225,0.6298577
517,2024_18_CHI_GB,GB,367.0,2.0,-0.105874114,62,19.0,21.0,33.0,29.0,205.0,183.0,205.0,0.0,2.0,2.0,3.0,0.0,0,0.0,0.0,0.0,8.0,0.4292205,0.4292205,0.5707795
518,2024_18_CIN_PIT,CIN,315.0,1.0,-0.028872095,70,17.0,19.0,20.0,50.0,277.0,69.0,277.0,0.0,2.0,0.0,5.0,0.0,0,1.0,0.0,0.0,8.0,0.7146578,0.2853422,0.7146578
519,2024_18_CIN_PIT,PIT,193.0,2.0,-0.17476171,58,17.0,19.0,23.0,35.0,148.0,74.0,148.0,0.0,0.0,0.0,4.0,0.0,0,0.0,0.0,0.0,14.0,0.3095411,0.3095411,0.6904589
520,2024_18_CLE_BAL,BAL,437.0,4.0,0.15761477,66,35.0,10.0,35.0,31.0,217.0,220.0,217.0,0.0,0.0,0.0,7.0,0.0,0,0.0,0.0,0.0,15.0,0.8899242,0.8899242,0.110075764
521,2024_18_CLE_BAL,CLE,231.0,2.0,-0.45329058,54,35.0,10.0,18.0,36.0,183.0,57.0,183.0,5.0,0.0,0.0,4.0,0.0,0,2.0,0.0,0.0,14.0,0.13357614,0.86642385,0.13357614
522,2024_18_HOU_TEN,HOU,375.0,2.0,0.06263372,57,14.0,23.0,28.0,29.0,178.0,208.0,178.0,0.0,2.0,1.0,5.0,1.0,0,0.0,0.0,0.0,10.0,0.8027261,0.19727392,0.8027261
523,2024_18_HOU_TEN,TEN,316.0,2.0,-0.18464129,61,14.0,23.0,32.0,29.0,245.0,85.0,245.0,15.0,0.0,1.0,5.0,2.0,0,0.0,0.0,0.0,10.0,0.15015645,0.15015645,0.84984356
524,2024_18_JAX_IND,IND,429.0,2.0,0.01151092,77,23.0,23.0,34.0,43.0,264.0,177.0,264.0,0.0,0.0,0.0,5.0,0.0,0,0.0,0.0,0.0,17.0,0.6859002,0.6859002,0.31409976
525,2024_18_JAX_IND,JAX,321.0,2.0,0.030341791,66,26.0,23.0,32.0,34.0,225.0,115.0,225.0,0.0,1.0,0.0,5.0,0.0,0,1.0,0.0,0.0,11.0,0.32080135,0.6791986,0.32080135
526,2024_18_KC_DEN,DEN,480.0,5.0,0.41059873,71,38.0,0.0,42.0,29.0,321.0,159.0,321.0,5.0,0.0,0.0,10.0,2.0,0,0.0,0.0,0.0,3.0,0.9037039,0.9037039,0.096296065
527,2024_18_KC_DEN,KC,98.0,0.0,-0.44891456,33,38.0,0.0,11.0,22.0,98.0,27.0,98.0,0.0,1.0,0.0,1.0,1.0,0,0.0,0.0,0.0,7.0,0.06959664,0.9304034,0.06959664
528,2024_18_LAC_LV,LAC,476.0,3.0,0.28720596,71,13.0,33.0,34.0,37.0,346.0,138.0,346.0,5.0,0.0,0.0,7.0,1.0,0,0.0,0.0,0.0,7.0,0.63035554,0.3696444,0.63035554
529,2024_18_LAC_LV,LV,265.0,2.0,-0.10243118,47,19.0,34.0,11.0,36.0,225.0,40.0,225.0,0.0,0.0,0.0,2.0,1.0,0,1.0,0.0,0.0,10.0,0.32464337,0.32464337,0.6753566
530,2024_18_MIA_NYJ,MIA,334.0,2.0,-0.128101,68,32.0,20.0,23.0,45.0,227.0,135.0,227.0,5.0,3.0,2.0,3.0,3.0,0,2.0,0.0,0.0,14.0,0.27875915,0.7212408,0.27875915
531,2024_18_MIA_NYJ,NYJ,377.0,4.0,0.060140062,63,31.0,20.0,23.0,40.0,274.0,118.0,274.0,15.0,0.0,0.0,5.0,1.0,0,1.0,0.0,0.0,13.0,0.71160614,0.71160614,0.28839383
532,2024_18_MIN_DET,DET,394.0,4.0,0.014813954,66,31.0,9.0,31.0,35.0,231.0,178.0,231.0,0.0,0.0,0.0,5.0,2.0,0,2.0,0.0,0.0,4.0,0.7409737,0.7409737,0.25902626
533,2024_18_MIN_DET,MIN,263.0,0.0,-0.3381884,61,31.0,9.0,18.0,43.0,166.0,121.0,166.0,18.0,0.0,0.0,3.0,0.0,0,0.0,0.0,0.0,23.0,0.31455842,0.68544155,0.31455842
534,2024_18_NO_TB,NO,292.0,1.0,0.0020943673,63,27.0,19.0,19.0,44.0,240.0,64.0,240.0,20.0,0.0,0.0,3.0,2.0,0,0.0,0.0,0.0,16.0,0.53479904,0.46520096,0.53479904
535,2024_18_NO_TB,TB,396.0,3.0,0.22456962,63,27.0,19.0,30.0,33.0,221.0,180.0,221.0,67.0,0.0,0.0,10.0,1.0,0,1.0,0.0,0.0,10.0,0.42888048,0.42888048,0.57111955
536,2024_18_NYG_PHI,NYG,238.0,1.0,-0.118744105,54,20.0,13.0,25.0,29.0,138.0,100.0,138.0,0.0,0.0,0.0,4.0,2.0,0,1.0,0.0,0.0,6.0,0.22881536,0.7711846,0.22881536
537,2024_18_NYG_PHI,PHI,304.0,2.0,-0.040409166,67,17.0,13.0,24.0,43.0,269.0,52.0,269.0,15.0,0.0,0.0,3.0,1.0,0,0.0,0.0,0.0,14.0,0.84157574,0.84157574,0.15842426
538,2024_18_SEA_LA,LA,403.0,2.0,0.024095882,66,25.0,30.0,21.0,45.0,334.0,84.0,334.0,13.0,0.0,0.0,5.0,2.0,0,1.0,0.0,0.0,13.0,0.36570734,0.36570734,0.63429266
539,2024_18_SEA_LA,SEA,337.0,4.0,0.24005318,53,25.0,30.0,23.0,30.0,223.0,127.0,191.0,0.0,0.0,0.0,6.0,0.0,0,0.0,0.0,0.0,7.0,0.6298704,0.37012953,0.6298704
540,2024_18_SF_ARI,ARI,393.0,6.0,0.2485929,63,46.0,24.0,28.0,35.0,242.0,151.0,242.0,7.0,0.0,0.0,4.0,2.0,0,0.0,0.0,0.0,10.0,0.7277434,0.7277434,0.27225664
541,2024_18_SF_ARI,SF,437.0,3.0,0.009232501,71,47.0,24.0,27.0,44.0,326.0,139.0,326.0,10.0,3.0,1.0,5.0,1.0,0,2.0,0.0,0.0,11.0,0.28065586,0.71934414,0.28065586
542,2024_18_WAS_DAL,DAL,378.0,1.0,-0.043752987,75,19.0,16.0,39.0,36.0,244.0,150.0,244.0,10.0,0.0,0.0,7.0,1.0,0,0.0,0.0,0.0,14.0,0.69057214,0.69057214,0.30942786
543,2024_18_WAS_DAL,WAS,270.0,3.0,0.08709049,54,19.0,22.0,17.0,37.0,199.0,114.0,199.0,0.0,0.0,0.0,6.0,1.0,0,0.0,0.0,0.0,9.0,0.3520162,0.64798385,0.3520162
544,2024_19_DEN_BUF,BUF,476.0,3.0,0.327814,70,31.0,7.0,41.0,29.0,272.0,213.0,272.0,15.0,0.0,0.0,8.0,2.0,0,0.0,0.0,0.0,6.0,0.72978044,0.72978044,0.27021956
545,2024_19_DEN_BUF,DEN,224.0,1.0,-0.12542956,42,31.0,7.0,17.0,25.0,159.0,79.0,159.0,0.0,0.0,0.0,2.0,1.0,0,0.0,0.0,0.0,9.0,0.25084338,0.74915665,0.25084338
546,2024_19_GB_PHI,GB,303.0,1.0,-0.074518695,59,22.0,10.0,24.0,35.0,212.0,108.0,212.0,0.0,1.0,0.0,7.0,1.0,0,3.0,0.0,0.0,10.0,0.16537441,0.83462554,0.16537441
547,2024_19_GB_PHI,PHI,291.0,2.0,0.045211323,56,22.0,10.0,33.0,23.0,131.0,170.0,131.0,30.0,0.0,0.0,2.0,1.0,0,0.0,0.0,0.0,8.0,0.8525475,0.8525475,0.1474525
548,2024_19_LAC_HOU,HOU,431.0,2.0,-0.10674882,68,32.0,12.0,32.0,36.0,282.0,170.0,282.0,25.0,2.0,2.0,5.0,2.0,0,1.0,0.0,0.0,10.0,0.6666824,0.6666824,0.33331758
549,2024_19_LAC_HOU,LAC,261.0,2.0,-0.5168469,54,32.0,12.0,18.0,36.0,242.0,50.0,242.0,15.0,1.0,0.0,3.0,0.0,0,4.0,0.0,0.0,14.0,0.42180613,0.5781939,0.42180613
550,2024_19_MIN_LA,LA,293.0,2.0,0.040085778,49,27.0,9.0,20.0,29.0,209.0,91.0,209.0,40.0,0.0,0.0,2.0,0.0,0,0.0,0.0,0.0,8.0,0.8633916,0.8633916,0.13660848
551,2024_19_MIN_LA,MIN,270.0,2.0,-0.39005738,71,27.0,9.0,21.0,50.0,245.0,107.0,245.0,15.0,1.0,1.0,6.0,1.0,0,1.0,0.0,0.0,14.0,0.123799756,0.87620026,0.123799756
552,2024_19_PIT_BAL,BAL,465.0,4.0,0.29948628,70,28.0,14.0,49.0,21.0,175.0,300.0,175.0,5.0,0.0,0.0,10.0,0.0,0,0.0,0.0,0.0,4.0,0.8611601,0.8611601,0.13883987
553,2024_19_PIT_BAL,PIT,281.0,2.0,0.11646199,44,28.0,14.0,10.0,34.0,270.0,30.0,270.0,0.0,0.0,0.0,5.0,0.0,0,0.0,0.0,0.0,10.0,0.13033031,0.8696697,0.13033031
554,2024_19_WAS_TB,TB,284.0,2.0,0.10660878,44,17.0,20.0,25.0,19.0,185.0,101.0,185.0,15.0,0.0,1.0,5.0,0.0,0,0.0,0.0,0.0,3.0,0.5309664,0.5309664,0.4690336
555,2024_19_WAS_TB,WAS,355.0,2.0,0.1132906,67,20.0,20.0,31.0,36.0,268.0,87.0,268.0,8.0,0.0,0.0,8.0,3.0,0,0.0,0.0,0.0,11.0,0.5254612,0.47453883,0.5254612
556,2024_20_BAL_BUF,BAL,417.0,3.0,0.13992552,58,27.0,25.0,29.0,29.0,254.0,177.0,254.0,0.0,3.0,2.0,7.0,1.0,0,1.0,0.0,0.0,6.0,0.29026404,0.709736,0.29026404
557,2024_20_BAL_BUF,BUF,275.0,3.0,0.07768965,57,27.0,25.0,34.0,23.0,127.0,149.0,127.0,5.0,0.0,0.0,5.0,1.0,0,0.0,0.0,0.0,6.0,0.7364133,0.7364133,0.26358667
558,2024_20_HOU_KC,HOU,337.0,1.0,0.10316362,64,23.0,12.0,28.0,36.0,245.0,150.0,245.0,0.0,1.0,0.0,10.0,0.0,0,0.0,0.0,0.0,9.0,0.27627876,0.72372127,0.27627876
559,2024_20_HOU_KC,KC,222.0,2.0,0.04066761,47,23.0,14.0,19.0,28.0,177.0,60.0,177.0,15.0,0.0,0.0,4.0,1.0,0,0.0,1.0,0.0,9.0,0.7338639,0.7338639,0.26613614
560,2024_20_LA_PHI,LA,402.0,2.0,-0.06754599,70,28.0,22.0,21.0,49.0,324.0,111.0,324.0,0.0,2.0,2.0,6.0,1.0,0,0.0,0.0,0.0,18.0,0.3078253,0.6921747,0.3078253
561,2024_20_LA_PHI,PHI,351.0,3.0,0.08272435,60,28.0,22.0,33.0,27.0,128.0,286.0,128.0,0.0,1.0,0.0,6.0,1.0,0,0.0,1.0,0.0,5.0,0.6789178,0.6789178,0.3210822
562,2024_20_WAS_DET,DET,521.0,5.0,0.0753773,65,31.0,45.0,23.0,42.0,336.0,201.0,336.0,0.0,1.0,1.0,3.0,2.0,0,4.0,0.0,0.0,11.0,0.2955813,0.2955813,0.70441866
563,2024_20_WAS_DET,WAS,483.0,5.0,0.28772315,71,31.0,45.0,40.0,31.0,299.0,184.0,299.0,15.0,1.0,0.0,4.0,3.0,0,0.0,0.0,0.0,9.0,0.65179884,0.34820116,0.65179884
564,2024_21_BUF_KC,BUF,374.0,4.0,0.15695904,70,32.0,29.0,33.0,37.0,237.0,147.0,237.0,5.0,3.0,0.0,5.0,4.0,0,0.0,0.0,0.0,12.0,0.3428466,0.6571534,0.3428466
565,2024_21_BUF_KC,KC,373.0,4.0,0.26906767,61,32.0,29.0,32.0,29.0,245.0,138.0,245.0,34.0,0.0,1.0,5.0,1.0,0,0.0,0.0,0.0,8.0,0.6942719,0.6942719,0.30572808
566,2024_21_WAS_PHI,PHI,462.0,8.0,0.39857212,65,54.0,23.0,35.0,30.0,246.0,232.0,246.0,21.0,0.0,0.0,5.0,1.0,0,0.0,0.0,0.0,8.0,0.86140764,0.86140764,0.13859236
567,2024_21_WAS_PHI,WAS,352.0,2.0,-0.08883798,79,55.0,23.0,25.0,54.0,278.0,99.0,278.0,0.0,2.0,2.0,7.0,4.0,0,1.0,0.0,0.0,18.0,0.18162861,0.81837136,0.18162861
568,2024_22_KC_PHI,KC,277.0,4.0,-0.34145117,51,40.0,22.0,11.0,40.0,257.0,49.0,257.0,15.0,1.0,1.0,3.0,0.0,0,2.0,0.0,0.0,9.0,0.09393027,0.90606976,0.09393027
569,2024_22_KC_PHI,PHI,349.0,3.0,0.01860298,67,40.0,14.0,42.0,25.0,221.0,139.0,221.0,15.0,0.0,0.0,3.0,0.0,0,1.0,0.0,0.0,5.0,0.85784847,0.85784847,0.14215152
